%yyyy.yyyy ___up(m)
2006.0014 0.895613
2006.0041 0.883128
2006.0068 0.893203
2006.0096 0.886631
2006.0123 0.902668
2006.0151 0.892008
2006.0178 0.888760
2006.0205 0.894950
2006.0233 0.896813
2006.0260 0.899044
2006.0287 0.886610
2006.0315 0.885393
2006.0370 0.890789
2006.0397 0.887701
2006.0424 0.898701
2006.0452 0.884179
2006.0479 0.882960
2006.0507 0.891167
2006.0534 0.883128
2006.0561 0.883277
2006.0589 0.896562
2006.0616 0.888177
2006.0643 0.885303
2006.0671 0.894194
2006.0698 0.884785
2006.0726 0.884234
2006.0753 0.882682
2006.0780 0.882315
2006.0808 0.886616
2006.0835 0.879593
2006.0862 0.881814
2006.0890 0.888810
2006.0917 0.888706
2006.0945 0.881663
2006.0972 0.893098
2006.0999 0.875375
2006.1027 0.883565
2006.1054 0.885332
2006.1081 0.888710
2006.1109 0.882685
2006.1136 0.873080
2006.1164 0.878684
2006.1191 0.877913
2006.1218 0.870876
2006.1246 0.873272
2006.1300 0.869732
2006.1328 0.877661
2006.1355 0.883269
2006.1383 0.878104
2006.1410 0.867731
2006.1437 0.867401
2006.1465 0.888297
2006.1492 0.876734
2006.1520 0.879027
2006.1547 0.891874
2006.1574 0.882548
2006.1602 0.879431
2006.1629 0.876112
2006.1656 0.892717
2006.1684 0.870903
2006.1711 0.877494
2006.1739 0.877007
2006.1766 0.874846
2006.1793 0.872949
2006.1821 0.868674
2006.1848 0.878277
2006.1875 0.874117
2006.1903 0.867476
2006.1930 0.879544
2006.1958 0.874840
2006.1985 0.887384
2006.2040 0.872316
2006.2067 0.875353
2006.2094 0.877148
2006.2122 0.876685
2006.2149 0.866066
2006.2177 0.880021
2006.2204 0.875093
2006.2231 0.877935
2006.2259 0.872807
2006.2286 0.874043
2006.2313 0.876606
2006.2341 0.868939
2006.2368 0.865831
2006.2396 0.868151
2006.2423 0.864179
2006.2505 0.872212
2006.2533 0.865769
2006.2560 0.872259
2006.2587 0.870837
2006.2615 0.877695
2006.2642 0.866274
2006.2669 0.869443
2006.2697 0.866231
2006.2724 0.857842
2006.2752 0.868350
2006.2779 0.867900
2006.2806 0.871408
2006.2834 0.866228
2006.2861 0.856862
2006.2888 0.866411
2006.2916 0.861954
2006.2943 0.868396
2006.2971 0.842393
2006.2998 0.861398
2006.3025 0.849150
2006.3053 0.857593
2006.3080 0.862650
2006.3135 0.863767
2006.3162 0.864859
2006.3190 0.865962
2006.3217 0.861190
2006.3244 0.862484
2006.3272 0.855524
2006.3299 0.865281
2006.3326 0.864948
2006.3354 0.861416
2006.3381 0.861061
2006.3409 0.856648
2006.3436 0.851697
2006.3463 0.866672
2006.3491 0.851287
2006.3518 0.865918
2006.3546 0.861231
2006.3765 0.857100
2006.3792 0.853053
2006.3874 0.845144
2006.3901 0.852153
2006.3929 0.845891
2006.3956 0.842210
2006.4011 0.840560
2006.4038 0.856358
2006.4066 0.855540
2006.4093 0.857890
2006.4120 0.857458
2006.4148 0.849926
2006.4175 0.849696
2006.4203 0.848157
2006.4230 0.844765
2006.4257 0.842629
2006.4285 0.853824
2006.4312 0.855188
2006.4339 0.861351
2006.4367 0.846207
2006.4394 0.863605
2006.4422 0.839469
2006.4449 0.859789
2006.4504 0.851517
2006.4531 0.850730
2006.4559 0.847606
2006.4586 0.858069
2006.4613 0.847547
2006.4641 0.854701
2006.4668 0.852698
2006.4695 0.852025
2006.4723 0.840653
2006.4750 0.847097
2006.4778 0.856315
2006.4805 0.862568
2006.4832 0.861820
2006.4860 0.846263
2006.4887 0.861334
2006.4914 0.856373
2006.4942 0.855482
2006.4969 0.861267
2006.4997 0.858986
2006.5024 0.854037
2006.5051 0.860491
2006.5079 0.862730
2006.5106 0.852986
2006.5133 0.856235
2006.5161 0.859334
2006.5188 0.860965
2006.5216 0.854708
2006.5243 0.868995
2006.5270 0.868509
2006.5298 0.855876
2006.5325 0.862980
2006.5352 0.869667
2006.5380 0.864223
2006.5407 0.860594
2006.5435 0.862165
2006.5462 0.856645
2006.5489 0.858666
2006.5517 0.861497
2006.5544 0.862150
2006.5572 0.861230
2006.5599 0.875560
2006.5626 0.878074
2006.5654 0.875188
2006.5681 0.871320
2006.5708 0.871847
2006.5736 0.867877
2006.5763 0.871656
2006.5791 0.866262
2006.5818 0.864497
2006.5845 0.866284
2006.5873 0.871004
2006.5900 0.854115
2006.5927 0.878090
2006.5955 0.868932
2006.5982 0.876441
2006.6010 0.869220
2006.6037 0.879268
2006.6064 0.878148
2006.6092 0.881605
2006.6119 0.882147
2006.6146 0.875297
2006.6174 0.878104
2006.6201 0.876776
2006.6229 0.879478
2006.6256 0.876723
2006.6283 0.893309
2006.6311 0.884428
2006.6338 0.870038
2006.6366 0.889191
2006.6393 0.875580
2006.6420 0.872337
2006.6448 0.884041
2006.6475 0.879786
2006.6502 0.881381
2006.6530 0.894085
2006.6557 0.888419
2006.6585 0.884173
2006.6612 0.889121
2006.6639 0.884465
2006.6667 0.886427
2006.6694 0.893341
2006.6721 0.885717
2006.6749 0.889632
2006.6776 0.881178
2006.6804 0.892488
2006.6831 0.896136
2006.6858 0.882783
2006.6886 0.894390
2006.6913 0.894369
2006.6940 0.889216
2006.6968 0.889576
2006.6995 0.894159
2006.7023 0.886207
2006.7050 0.900433
2006.7077 0.901412
2006.7105 0.895257
2006.7132 0.897009
2006.7488 0.911095
2006.7515 0.912336
2006.7543 0.903701
2006.7570 0.920466
2006.7598 0.911631
2006.7625 0.917250
2006.7652 0.921801
2006.7680 0.907262
2006.7707 0.910631
2006.7734 0.893868
2006.7762 0.907798
2006.7789 0.921026
2006.7817 0.917706
2006.7844 0.914068
2006.7871 0.902997
2006.7899 0.899999
2006.7926 0.919183
2006.7953 0.918438
2006.7981 0.910148
2006.8008 0.913599
2006.8036 0.921852
2006.8063 0.920151
2006.8090 0.929767
2006.8118 0.918115
2006.8145 0.914222
2006.8172 0.903896
2006.8200 0.916062
2006.8227 0.919922
2006.8255 0.918983
2006.8282 0.913535
2006.8309 0.897377
2006.8337 0.904274
2006.8364 0.915090
2006.8392 0.921212
2006.8419 0.914458
2006.8446 0.917319
2006.8474 0.925187
2006.8501 0.916452
2006.8528 0.914562
2006.8556 0.924550
2006.8583 0.908127
2006.8611 0.908330
2006.8638 0.918151
2006.8665 0.917313
2006.8693 0.908599
2006.8720 0.913126
2006.8747 0.914011
2006.8775 0.912550
2006.8802 0.908792
2006.8830 0.909407
2006.8857 0.912599
2006.8884 0.899186
2006.8912 0.908875
2006.8939 0.912344
2006.8966 0.905077
2006.8994 0.916433
2006.9021 0.913187
2006.9049 0.910963
2006.9076 0.912005
2006.9103 0.911955
2006.9131 0.910816
2006.9158 0.903196
2006.9185 0.903344
2006.9213 0.912655
2006.9240 0.907479
2006.9268 0.901517
2006.9295 0.916518
2006.9322 0.902885
2006.9350 0.904884
2006.9405 0.910006
2006.9432 0.905892
2006.9459 0.901402
2006.9487 0.902306
2006.9514 0.908116
2006.9541 0.891231
2006.9569 0.893659
2006.9596 0.897742
2006.9624 0.903960
2006.9651 0.898651
2006.9678 0.897228
2006.9706 0.903217
2006.9733 0.895700
2006.9760 0.886412
2006.9788 0.899544
2006.9815 0.895887
2006.9843 0.903226
2006.9870 0.885726
2006.9897 0.883725
2006.9952 0.884973
2006.9979 0.900461
2007.0007 0.886491
2007.0034 0.890649
2007.0062 0.899836
2007.0089 0.890073
2007.0116 0.886263
2007.0144 0.889400
2007.0171 0.891574
2007.0198 0.892379
2007.0226 0.895163
2007.0253 0.890916
2007.0281 0.886819
2007.0308 0.896249
2007.0335 0.907191
2007.0363 0.902952
2007.0390 0.890938
2007.0418 0.899956
2007.0445 0.885182
2007.0472 0.889410
2007.0500 0.899464
2007.0527 0.903988
2007.0554 0.890419
2007.0582 0.884774
2007.0609 0.877524
2007.0637 0.900061
2007.0664 0.897580
2007.0691 0.885059
2007.0719 0.902554
2007.0746 0.887992
2007.0773 0.888649
2007.0801 0.883979
2007.0828 0.890585
2007.0856 0.896255
2007.0883 0.898580
2007.0910 0.895528
2007.0938 0.897361
2007.0965 0.887628
2007.0992 0.891885
2007.1020 0.885341
2007.1047 0.893004
2007.1075 0.891712
2007.1102 0.894054
2007.1129 0.894611
2007.1157 0.893026
2007.1184 0.881438
2007.1211 0.887579
2007.1239 0.885755
2007.1266 0.890815
2007.1294 0.887396
2007.1321 0.884497
2007.1348 0.892141
2007.1376 0.887739
2007.1403 0.889883
2007.1431 0.893693
2007.1458 0.895160
2007.1485 0.882249
2007.1513 0.888833
2007.1540 0.891460
2007.1567 0.880578
2007.1595 0.879314
2007.1622 0.890801
2007.1704 0.888838
2007.1732 0.890378
2007.1759 0.884910
2007.1786 0.892899
2007.1814 0.887745
2007.1841 0.891463
2007.1869 0.893293
2007.1896 0.896952
2007.1923 0.894414
2007.1951 0.894233
2007.1978 0.885003
2007.2005 0.890263
2007.2033 0.895331
2007.2060 0.885176
2007.2088 0.883734
2007.2115 0.880917
2007.2142 0.884367
2007.2170 0.885674
2007.2197 0.887390
2007.2225 0.896872
2007.2252 0.873853
2007.2279 0.875759
2007.2307 0.882377
2007.2334 0.881873
2007.2361 0.886080
2007.2389 0.886250
2007.2416 0.887821
2007.2471 0.885836
2007.2498 0.891875
2007.2526 0.878221
2007.2553 0.892816
2007.2608 0.874696
2007.2635 0.886768
2007.2690 0.889081
2007.2717 0.879113
2007.2745 0.876192
2007.2772 0.894793
2007.2882 0.866263
2007.2936 0.877614
2007.2964 0.881642
2007.2991 0.865897
2007.3018 0.883391
2007.3046 0.874133
2007.3073 0.870672
2007.3101 0.875007
2007.3128 0.883570
2007.3183 0.874442
2007.3210 0.882027
2007.3238 0.862796
2007.3265 0.870027
2007.3292 0.875612
2007.3320 0.872665
2007.3347 0.875401
2007.3374 0.877793
2007.3402 0.869853
2007.3429 0.864793
2007.3457 0.869907
2007.3484 0.875367
2007.3648 0.858327
2007.3676 0.876147
2007.3703 0.866891
2007.3730 0.867036
2007.3758 0.857629
2007.3840 0.869329
2007.3867 0.863370
2007.3895 0.864533
2007.3922 0.852721
2007.3949 0.857809
2007.3977 0.859200
2007.4004 0.860413
2007.4031 0.855843
2007.4059 0.865628
2007.4086 0.863888
2007.4114 0.856963
2007.4141 0.855907
2007.4168 0.862577
2007.4196 0.849789
2007.4223 0.852846
2007.4278 0.852593
2007.4305 0.863446
2007.4333 0.854570
2007.4360 0.861294
2007.4387 0.856018
2007.4415 0.859154
2007.4442 0.852699
2007.4470 0.864006
2007.4497 0.849869
2007.4606 0.858157
2007.4634 0.851142
2007.4661 0.857738
2007.4689 0.853222
2007.4716 0.854415
2007.4743 0.858306
2007.4771 0.851448
2007.4798 0.859613
2007.4825 0.854453
2007.4853 0.858552
2007.4880 0.859880
2007.4908 0.864667
2007.4935 0.853310
2007.4962 0.874230
2007.4990 0.857226
2007.5017 0.864728
2007.5072 0.868959
2007.5099 0.857184
2007.5181 0.862162
2007.5209 0.861668
2007.5264 0.867309
2007.5291 0.856059
2007.5318 0.865953
2007.5346 0.859551
2007.5373 0.874154
2007.5400 0.862248
2007.5428 0.860071
2007.5455 0.866171
2007.5483 0.879661
2007.5510 0.867858
2007.5537 0.871382
2007.5565 0.864709
2007.5592 0.864177
2007.5619 0.860099
2007.5647 0.862890
2007.5674 0.868953
2007.5702 0.862998
2007.5729 0.868413
2007.5756 0.861863
2007.5784 0.865948
2007.5811 0.866027
2007.5838 0.868412
2007.5866 0.871145
2007.5893 0.860988
2007.5921 0.864348
2007.5948 0.878207
2007.5975 0.876159
2007.6003 0.873192
2007.6030 0.862541
2007.6057 0.858852
2007.6085 0.880949
2007.6112 0.875118
2007.6140 0.872146
2007.6167 0.878209
2007.6194 0.897621
2007.6222 0.875410
2007.6249 0.885089
2007.6277 0.874418
2007.6304 0.885675
2007.6331 0.875837
2007.6359 0.868228
2007.6386 0.876580
2007.6413 0.883152
2007.6441 0.883650
2007.6468 0.884958
2007.6496 0.890810
2007.6523 0.886600
2007.6550 0.884021
2007.6578 0.885955
2007.6605 0.875000
2007.6632 0.887544
2007.6660 0.872048
2007.6687 0.885203
2007.6715 0.876564
2007.6742 0.878323
2007.6769 0.880180
2007.6797 0.887407
2007.6824 0.887211
2007.6851 0.887934
2007.6879 0.894422
2007.6906 0.895692
2007.6934 0.904889
2007.6961 0.883295
2007.6988 0.888627
2007.7043 0.894795
2007.7070 0.892928
2007.7098 0.905642
2007.7125 0.909435
2007.7153 0.907500
2007.7180 0.896657
2007.7207 0.899878
2007.7235 0.898170
2007.7262 0.906200
2007.7290 0.905511
2007.7317 0.900219
2007.7344 0.899409
2007.7372 0.899591
2007.7399 0.897703
2007.7426 0.893468
2007.7454 0.910309
2007.7481 0.903299
2007.7536 0.898145
2007.7563 0.908714
2007.7591 0.908483
2007.7618 0.907569
2007.7645 0.917629
2007.7673 0.908767
2007.7700 0.912376
2007.7728 0.908130
2007.7755 0.916909
2007.7782 0.922979
2007.7810 0.912541
2007.7837 0.914615
2007.7864 0.908624
2007.7892 0.909914
2007.7919 0.910983
2007.7947 0.912495
2007.7974 0.920344
2007.8001 0.907664
2007.8029 0.898050
2007.8056 0.905042
2007.8084 0.904677
2007.8111 0.910004
2007.8138 0.912773
2007.8166 0.920277
2007.8193 0.913786
2007.8220 0.908324
2007.8248 0.910788
2007.8275 0.912241
2007.8303 0.914863
2007.8330 0.906189
2007.8357 0.921756
2007.8385 0.914194
2007.8412 0.920029
2007.8439 0.912187
2007.8467 0.912013
2007.8494 0.906091
2007.8522 0.909545
2007.8549 0.921025
2007.8576 0.911279
2007.8604 0.913314
2007.8631 0.911294
2007.8658 0.919780
2007.8686 0.919296
2007.8713 0.922720
2007.8741 0.909991
2007.8768 0.914944
2007.8795 0.900885
2007.8823 0.906324
2007.8850 0.912224
2007.8877 0.913272
2007.8905 0.914121
2007.8932 0.904578
2007.8987 0.911231
2007.9014 0.913414
2007.9042 0.925827
2007.9069 0.920379
2007.9097 0.905405
2007.9124 0.911438
2007.9151 0.909705
2007.9179 0.910885
2007.9206 0.903452
2007.9233 0.908950
2007.9261 0.905928
2007.9288 0.902289
2007.9316 0.915980
2007.9343 0.900620
2007.9370 0.905994
2007.9398 0.903890
2007.9425 0.902142
2007.9452 0.909814
2007.9480 0.916803
2007.9507 0.909540
2007.9535 0.903947
2007.9562 0.903975
2007.9589 0.911261
2007.9617 0.894775
2007.9644 0.901591
2007.9671 0.896468
2007.9699 0.894045
2007.9726 0.917055
2007.9754 0.889141
2007.9781 0.900778
2007.9808 0.902804
2007.9836 0.903225
2007.9863 0.907664
2007.9890 0.912134
2007.9918 0.898097
2007.9945 0.897519
2008.0000 0.889991
2008.0027 0.892888
2008.0055 0.890481
2008.0082 0.891223
2008.0110 0.891817
2008.0137 0.888723
2008.0164 0.890036
2008.0192 0.905407
2008.0219 0.878127
2008.0246 0.890681
2008.0274 0.892302
2008.0301 0.889033
2008.0329 0.892805
2008.0356 0.892427
2008.0411 0.885686
2008.0438 0.888352
2008.0465 0.889870
2008.0493 0.891593
2008.0520 0.883319
2008.0548 0.890104
2008.0575 0.895700
2008.0602 0.888168
2008.0630 0.885785
2008.0657 0.888683
2008.0684 0.868461
2008.0712 0.884150
2008.0739 0.889504
2008.0767 0.885558
2008.0794 0.882939
2008.0821 0.889625
2008.0849 0.877487
2008.0876 0.892010
2008.0903 0.889266
2008.0931 0.887533
2008.0958 0.893680
2008.0986 0.883592
2008.1013 0.897871
2008.1040 0.885332
2008.1068 0.890108
2008.1095 0.893348
2008.1123 0.881772
2008.1150 0.887514
2008.1177 0.887408
2008.1205 0.879717
2008.1232 0.886444
2008.1259 0.882221
2008.1287 0.887750
2008.1314 0.881643
2008.1342 0.864652
2008.1369 0.880228
2008.1396 0.876305
2008.1424 0.879747
2008.1451 0.883539
2008.1478 0.877204
2008.1506 0.864155
2008.1533 0.872229
2008.1561 0.881401
2008.1588 0.883783
2008.1615 0.873337
2008.1643 0.878426
2008.1670 0.873335
2008.1697 0.879102
2008.1725 0.886449
2008.1752 0.868683
2008.1780 0.863294
2008.1807 0.877602
2008.1834 0.861414
2008.1862 0.872650
2008.1889 0.870411
2008.1916 0.861191
2008.1944 0.864092
2008.1971 0.875154
2008.1999 0.867231
2008.2026 0.872104
2008.2053 0.866601
2008.2081 0.862730
2008.2108 0.862929
2008.2136 0.864402
2008.2163 0.877444
2008.2190 0.861407
2008.2218 0.871694
2008.2245 0.864049
2008.2272 0.864742
2008.2300 0.871547
2008.2327 0.865517
2008.2355 0.871385
2008.2382 0.869635
2008.2409 0.883191
2008.2437 0.879230
2008.2464 0.862024
2008.2491 0.867869
2008.2519 0.865431
2008.2546 0.866218
2008.2574 0.873013
2008.2601 0.863544
2008.2628 0.863819
2008.2656 0.868777
2008.2683 0.857057
2008.2710 0.848452
2008.2738 0.862549
2008.2765 0.883406
2008.2793 0.865963
2008.2820 0.882497
2008.2847 0.876811
2008.2875 0.856512
2008.2902 0.859591
2008.2930 0.860904
2008.2957 0.860144
2008.2984 0.859033
2008.3012 0.850117
2008.3039 0.865595
2008.3066 0.853948
2008.3094 0.867295
2008.3121 0.869747
2008.3149 0.881585
2008.3176 0.861767
2008.3203 0.858362
2008.3231 0.867364
2008.3258 0.849428
2008.3285 0.866344
2008.3313 0.857126
2008.3340 0.865462
2008.3368 0.856536
2008.3395 0.865143
2008.3422 0.853059
2008.3450 0.864896
2008.3477 0.856232
2008.3504 0.856251
2008.3532 0.848361
2008.3559 0.861063
2008.3587 0.875662
2008.3614 0.860591
2008.3641 0.857663
2008.3669 0.848078
2008.3696 0.853046
2008.3723 0.847617
2008.3751 0.857563
2008.3778 0.854657
2008.3806 0.866948
2008.3833 0.854559
2008.3860 0.850736
2008.3888 0.848376
2008.3915 0.841879
2008.3943 0.864854
2008.3970 0.863214
2008.3997 0.852685
2008.4025 0.863430
2008.4052 0.862773
2008.4079 0.842839
2008.4107 0.852585
2008.4134 0.846656
2008.4162 0.853630
2008.4189 0.854222
2008.4216 0.845474
2008.4244 0.852056
2008.4271 0.849677
2008.4298 0.845946
2008.4326 0.849065
2008.4353 0.848698
2008.4381 0.837664
2008.4408 0.847383
2008.4435 0.854783
2008.4463 0.856313
2008.4490 0.857727
2008.4517 0.855293
2008.4545 0.839693
2008.4572 0.853246
2008.4600 0.853483
2008.4627 0.849788
2008.4654 0.847028
2008.4682 0.859031
2008.4709 0.854701
2008.4736 0.851096
2008.4764 0.837733
2008.4791 0.847369
2008.4819 0.850048
2008.4846 0.849254
2008.4873 0.849077
2008.4901 0.847361
2008.4928 0.845181
2008.4956 0.844521
2008.4983 0.847242
2008.5010 0.847853
2008.5038 0.856030
2008.5065 0.855687
2008.5092 0.847284
2008.5120 0.856017
2008.5147 0.845981
2008.5175 0.845964
2008.5202 0.841667
2008.5229 0.862217
2008.5257 0.847222
2008.5284 0.841218
2008.5311 0.859425
2008.5339 0.847167
2008.5366 0.849579
2008.5394 0.847164
2008.5421 0.853823
2008.5448 0.852856
2008.5476 0.855387
2008.5503 0.853930
2008.5530 0.859381
2008.5558 0.848671
2008.5585 0.865950
2008.5613 0.862132
2008.5640 0.858272
2008.5667 0.863223
2008.5695 0.855623
2008.5722 0.858117
2008.5749 0.866192
2008.5777 0.859486
2008.5804 0.866443
2008.5832 0.860770
2008.5859 0.870415
2008.5886 0.874923
2008.5914 0.864148
2008.5941 0.873519
2008.5969 0.875527
2008.5996 0.872498
2008.6023 0.867513
2008.6051 0.865713
2008.6078 0.870298
2008.6105 0.873116
2008.6133 0.863612
2008.6160 0.865332
2008.6188 0.877067
2008.6215 0.868293
2008.6242 0.856556
2008.6270 0.865439
2008.6297 0.882879
2008.6324 0.876794
2008.6352 0.863701
2008.6379 0.872795
2008.6407 0.884972
2008.6434 0.881007
2008.6461 0.879752
2008.6489 0.869715
2008.6516 0.874754
2008.6543 0.885419
2008.6571 0.870928
2008.6598 0.887355
2008.6626 0.897358
2008.6653 0.887926
2008.6680 0.889347
2008.6708 0.895388
2008.6735 0.885990
2008.6762 0.888960
2008.6790 0.889820
2008.6817 0.891715
2008.6845 0.892096
2008.6872 0.881396
2008.6899 0.893269
2008.6927 0.897488
2008.6954 0.893917
2008.6982 0.885614
2008.7009 0.896124
2008.7036 0.899654
2008.7064 0.895190
2008.7091 0.898162
2008.7118 0.891802
2008.7146 0.899053
2008.7173 0.891599
2008.7201 0.896667
2008.7228 0.906025
2008.7255 0.894850
2008.7283 0.904544
2008.7310 0.912653
2008.7337 0.906145
2008.7365 0.908580
2008.7392 0.915730
2008.7420 0.896389
2008.7447 0.894849
2008.7474 0.912899
2008.7502 0.909065
2008.7529 0.899906
2008.7556 0.905661
2008.7584 0.906473
2008.7611 0.916461
2008.7639 0.909644
2008.7666 0.890696
2008.7693 0.902419
2008.7721 0.902669
2008.7748 0.901763
2008.7775 0.907135
2008.7803 0.900420
2008.7830 0.908613
2008.7858 0.896184
2008.7885 0.906345
2008.7912 0.894499
2008.7940 0.909010
2008.7967 0.907326
2008.7995 0.897378
2008.8022 0.905238
2008.8049 0.908422
2008.8077 0.932415
2008.8104 0.893891
2008.8131 0.915540
2008.8159 0.918374
2008.8186 0.906389
2008.8214 0.900566
2008.8241 0.916395
2008.8268 0.912123
2008.8296 0.910763
2008.8323 0.901076
2008.8350 0.900581
2008.8378 0.911235
2008.8405 0.915272
2008.8433 0.909657
2008.8460 0.906452
2008.8487 0.904931
2008.8515 0.907912
2008.8542 0.908275
2008.8569 0.903773
2008.8597 0.905273
2008.8624 0.899736
2008.8652 0.908345
2008.8679 0.910262
2008.8706 0.906786
2008.8734 0.899262
2008.8761 0.906968
2008.8789 0.926616
2008.8816 0.900726
2008.8843 0.912574
2008.8871 0.901992
2008.8898 0.900061
2008.8925 0.898724
2008.8953 0.910979
2008.8980 0.892444
2008.9008 0.904277
2008.9035 0.893698
2008.9062 0.895836
2008.9090 0.888616
2008.9117 0.912029
2008.9144 0.899036
2008.9172 0.903354
2008.9199 0.898024
2008.9227 0.890490
2008.9254 0.899699
2008.9281 0.894416
2008.9309 0.896804
2008.9336 0.897008
2008.9363 0.887401
2008.9391 0.897661
2008.9418 0.889629
2008.9446 0.908029
2008.9473 0.897157
2008.9500 0.901439
2008.9528 0.895097
2008.9555 0.898297
2008.9582 0.896891
2008.9610 0.890915
2008.9637 0.897654
2008.9665 0.897806
2008.9692 0.890815
2008.9719 0.900818
2008.9747 0.897172
2008.9774 0.898023
2008.9802 0.903850
2008.9829 0.895576
2008.9856 0.903141
2008.9884 0.892627
2008.9911 0.895092
2008.9938 0.895453
2008.9966 0.884339
2008.9993 0.895904
2009.0103 0.895664
2009.0130 0.896326
2009.0157 0.891340
2009.0185 0.882881
2009.0212 0.879918
2009.0240 0.883520
2009.0267 0.883648
2009.0294 0.878113
2009.0322 0.886395
2009.0349 0.883355
2009.0376 0.879925
2009.0404 0.878988
2009.0431 0.884529
2009.0459 0.882820
2009.0486 0.872009
2009.0513 0.877106
2009.0541 0.873853
2009.0568 0.882275
2009.0595 0.875629
2009.0623 0.882051
2009.0650 0.875901
2009.0678 0.882492
2009.0705 0.879936
2009.0732 0.885914
2009.0760 0.878108
2009.0787 0.874082
2009.0815 0.873124
2009.0842 0.872422
2009.0869 0.871558
2009.0897 0.879689
2009.0924 0.871598
2009.0951 0.862663
2009.0979 0.869622
2009.1006 0.877518
2009.1034 0.871392
2009.1061 0.865618
2009.1088 0.872224
2009.1116 0.875597
2009.1143 0.869345
2009.1170 0.868889
2009.1198 0.872555
2009.1253 0.870303
2009.1280 0.875469
2009.1307 0.877184
2009.1335 0.874109
2009.1362 0.875730
2009.1389 0.872839
2009.1417 0.872069
2009.1444 0.867521
2009.1472 0.872444
2009.1499 0.867076
2009.1526 0.873310
2009.1554 0.869188
2009.1608 0.857744
2009.1636 0.866440
2009.1663 0.860761
2009.1691 0.869110
2009.1718 0.860679
2009.1745 0.867715
2009.1773 0.860163
2009.1800 0.861794
2009.1828 0.864142
2009.1855 0.859896
2009.1882 0.874618
2009.1910 0.865875
2009.1937 0.864911
2009.1964 0.865832
2009.1992 0.861004
2009.2019 0.873924
2009.2047 0.855747
2009.2074 0.862560
2009.2101 0.862651
2009.2129 0.858916
2009.2156 0.863813
2009.2183 0.874433
2009.2211 0.862780
2009.2238 0.862576
2009.2266 0.854752
2009.2293 0.847095
2009.2348 0.853934
2009.2375 0.862530
2009.2402 0.860214
2009.2430 0.852813
2009.2457 0.861715
2009.2485 0.856385
2009.2512 0.850166
2009.2539 0.864268
2009.2567 0.862634
2009.2594 0.855377
2009.2621 0.859114
2009.2649 0.848967
2009.2676 0.858034
2009.2704 0.848030
2009.2731 0.852197
2009.2758 0.842019
2009.2786 0.860446
2009.2813 0.851003
2009.2841 0.850265
2009.2868 0.860776
2009.2895 0.834717
2009.2923 0.853561
2009.2950 0.839795
2009.2977 0.854515
2009.3005 0.853988
2009.3032 0.849455
2009.3087 0.829342
2009.3114 0.858655
2009.3142 0.847545
2009.3169 0.848768
2009.3196 0.834922
2009.3224 0.839402
2009.3251 0.876378
2009.3279 0.847672
2009.3306 0.844314
2009.3333 0.836420
2009.3361 0.837963
2009.3388 0.843689
2009.3415 0.839257
2009.3443 0.842988
2009.3498 0.844467
2009.3525 0.853812
2009.3552 0.847193
2009.3580 0.844387
2009.3607 0.846711
2009.3634 0.840885
2009.3662 0.839757
2009.3689 0.848103
2009.3717 0.839553
2009.3744 0.841948
2009.3771 0.838538
2009.3799 0.846315
2009.3826 0.840082
2009.3854 0.845057
2009.3881 0.843794
2009.3908 0.843262
2009.4045 0.844680
2009.4073 0.847716
2009.4100 0.843061
2009.4127 0.834196
2009.4155 0.844778
2009.4182 0.851905
2009.4209 0.834542
2009.4237 0.844449
2009.4264 0.832884
2009.4292 0.846993
2009.4319 0.838500
2009.4346 0.836237
2009.4374 0.849330
2009.4401 0.838118
2009.4428 0.843831
2009.4456 0.838890
2009.4483 0.843259
2009.4511 0.832901
2009.4538 0.844874
2009.4593 0.847828
2009.4620 0.839683
2009.4648 0.831338
2009.4675 0.841505
2009.4702 0.837321
2009.4757 0.837564
2009.4812 0.840809
2009.4839 0.839777
2009.4867 0.838156
2009.4894 0.835273
2009.4949 0.838518
2009.4976 0.844262
2009.5003 0.841122
2009.5031 0.829755
2009.5058 0.844618
2009.5086 0.843687
2009.5113 0.840547
2009.5140 0.844580
2009.5168 0.842437
2009.5195 0.843619
2009.5222 0.853988
2009.5250 0.836719
2009.5277 0.833395
2009.5305 0.843020
2009.5332 0.838865
2009.5359 0.836242
2009.5387 0.842762
2009.5414 0.846532
2009.5441 0.841222
2009.5469 0.826102
2009.5496 0.848433
2009.5524 0.850676
2009.5551 0.846448
2009.5578 0.844530
2009.5606 0.853776
2009.5633 0.845857
2009.5661 0.859608
2009.5688 0.833658
2009.5715 0.858610
2009.5743 0.843165
2009.5770 0.850430
2009.5797 0.854361
2009.5825 0.845398
2009.5852 0.846336
2009.5880 0.854484
2009.5907 0.852715
2009.5934 0.856046
2009.5962 0.863436
2009.5989 0.855938
2009.6016 0.853297
2009.6044 0.859979
2009.6071 0.860079
2009.6099 0.852999
2009.6126 0.861788
2009.6153 0.863440
2009.6181 0.868620
2009.6208 0.869213
2009.6235 0.863271
2009.6263 0.857210
2009.6290 0.861260
2009.6318 0.866941
2009.6345 0.874791
2009.6372 0.862965
2009.6400 0.870373
2009.6427 0.879054
2009.6454 0.871489
2009.6482 0.881758
2009.6509 0.868890
2009.6537 0.865477
2009.6564 0.866340
2009.6591 0.880622
2009.6619 0.876124
2009.6646 0.879210
2009.6674 0.887873
2009.6701 0.880783
2009.6728 0.874795
2009.6756 0.885204
2009.6783 0.880218
2009.6810 0.884652
2009.6838 0.888068
2009.6865 0.878105
2009.6893 0.881162
2009.6920 0.883700
2009.6947 0.873395
2009.6975 0.876132
2009.7002 0.888997
2009.7029 0.882652
2009.7057 0.874291
2009.7084 0.882840
2009.7112 0.878128
2009.7139 0.888771
2009.7166 0.906378
2009.7194 0.892138
2009.7221 0.895543
2009.7248 0.893043
2009.7276 0.894140
2009.7303 0.884866
2009.7331 0.896477
2009.7358 0.896075
2009.7385 0.904029
2009.7522 0.913641
2009.7550 0.894379
2009.7577 0.912925
2009.7604 0.901707
2009.7632 0.908325
2009.7659 0.909518
2009.7687 0.910384
2009.7714 0.906674
2009.7741 0.933797
2009.7769 0.917347
2009.7796 0.903894
2009.7823 0.908277
2009.7851 0.918119
2009.7878 0.911418
2009.7906 0.908601
2009.7933 0.905382
2009.7960 0.914981
2009.7988 0.919511
2009.8015 0.909641
2009.8042 0.912005
2009.8070 0.915544
2009.8097 0.908271
2009.8125 0.907697
2009.8152 0.921961
2009.8179 0.913226
2009.8207 0.918339
2009.8234 0.911662
2009.8261 0.910799
2009.8289 0.911616
2009.8316 0.908781
2009.8344 0.916264
2009.8371 0.921062
2009.8398 0.920354
2009.8426 0.911271
2009.8453 0.913462
2009.8480 0.914790
2009.8508 0.913929
2009.8535 0.913062
2009.8563 0.912047
2009.8590 0.908315
2009.8617 0.911252
2009.8645 0.912552
2009.8672 0.918517
2009.8700 0.927259
2009.8727 0.914238
2009.8754 0.910924
2009.8782 0.911903
2009.8809 0.910224
2009.8836 0.911241
2009.8864 0.908231
2009.8891 0.914567
2009.8919 0.917872
2009.8946 0.919320
2009.8973 0.918697
2009.9001 0.921461
2009.9028 0.905897
2009.9055 0.911262
2009.9083 0.923192
2009.9110 0.918235
2009.9138 0.912959
2009.9165 0.920317
2009.9192 0.917230
2009.9220 0.923078
2009.9247 0.922002
2009.9274 0.908042
2009.9302 0.924086
2009.9329 0.915051
2009.9357 0.916514
2009.9384 0.910621
2009.9411 0.923986
2009.9439 0.914243
2009.9466 0.918942
2009.9493 0.916176
2009.9521 0.912968
2009.9548 0.910616
2009.9576 0.902615
2009.9603 0.907569
2009.9630 0.912948
2009.9658 0.911065
2009.9685 0.907411
2009.9713 0.906326
2009.9740 0.903705
2009.9767 0.901874
2009.9795 0.910387
2009.9822 0.907810
2009.9849 0.912355
2009.9877 0.900498
2009.9904 0.906196
2009.9932 0.903491
2009.9959 0.901898
2009.9986 0.904280
2010.0014 0.905814
2010.0041 0.900414
2010.0068 0.903750
2010.0096 0.895579
2010.0123 0.905891
2010.0151 0.918211
2010.0178 0.907275
2010.0205 0.899735
2010.0233 0.893750
2010.0260 0.902747
2010.0287 0.902148
2010.0315 0.896010
2010.0342 0.897462
2010.0370 0.906514
2010.0397 0.892732
2010.0424 0.902351
2010.0452 0.884851
2010.0479 0.892659
2010.0507 0.877069
2010.0534 0.899479
2010.0561 0.879574
2010.0589 0.890921
2010.0616 0.899028
2010.0643 0.891058
2010.0671 0.899318
2010.0698 0.889360
2010.0726 0.892534
2010.0753 0.898566
2010.0780 0.891182
2010.0808 0.889250
2010.0835 0.901942
2010.0862 0.891251
2010.0890 0.893252
2010.0917 0.902578
2010.0945 0.893387
2010.0972 0.899579
2010.0999 0.891841
2010.1027 0.885042
2010.1054 0.886610
2010.1081 0.895856
2010.1109 0.889532
2010.1136 0.891153
2010.1164 0.888398
2010.1191 0.903597
2010.1218 0.885571
2010.1246 0.886663
2010.1273 0.896422
2010.1300 0.898185
2010.1328 0.883704
2010.1355 0.891084
2010.1383 0.894881
2010.1410 0.894124
2010.1437 0.887560
2010.1465 0.888192
2010.1492 0.892888
2010.1520 0.900443
2010.1547 0.868372
2010.1574 0.885285
2010.1602 0.882053
2010.1629 0.890450
2010.1656 0.873578
2010.1684 0.893945
2010.1711 0.893654
2010.1739 0.871952
2010.1766 0.896398
2010.1793 0.901958
2010.1821 0.887696
2010.1848 0.885880
2010.1875 0.891100
2010.1903 0.883378
2010.1930 0.886094
2010.1958 0.899386
2010.1985 0.903953
2010.2012 0.895211
2010.2040 0.883933
2010.2067 0.892583
2010.2094 0.889184
2010.2122 0.888916
2010.2149 0.885321
2010.2177 0.882459
2010.2204 0.885966
2010.2231 0.887210
2010.2259 0.888641
2010.2286 0.890739
2010.2313 0.885911
2010.2341 0.896934
2010.2368 0.890681
2010.2396 0.884608
2010.2423 0.882249
2010.2450 0.890959
2010.2478 0.868763
2010.2505 0.878677
2010.2533 0.871106
2010.2560 0.867393
2010.2587 0.886134
2010.2615 0.870572
2010.2642 0.870556
2010.2669 0.880019
2010.2697 0.884276
2010.2724 0.874643
2010.2752 0.858332
2010.2779 0.880132
2010.2806 0.874537
2010.2834 0.863214
2010.2861 0.875675
2010.2888 0.868735
2010.2916 0.880017
2010.2943 0.862371
2010.2971 0.873499
2010.2998 0.867630
2010.3025 0.873393
2010.3053 0.878571
2010.3080 0.869146
2010.3107 0.866291
2010.3135 0.868167
2010.3162 0.866010
2010.3190 0.856385
2010.3217 0.867597
2010.3244 0.868180
2010.3272 0.862801
2010.3299 0.866177
2010.3326 0.866372
2010.3354 0.868692
2010.3381 0.863916
2010.3409 0.871198
2010.3436 0.864887
2010.3463 0.858703
2010.3491 0.864210
2010.3518 0.870121
2010.3546 0.871400
2010.3573 0.872113
2010.3600 0.862117
2010.3628 0.862320
2010.3655 0.865333
2010.3682 0.860634
2010.3710 0.847383
2010.3737 0.861071
2010.3765 0.860480
2010.3819 0.858072
2010.3847 0.874612
2010.3874 0.872816
2010.3901 0.856063
2010.3929 0.870867
2010.3956 0.863373
2010.3984 0.867095
2010.4011 0.860999
2010.4038 0.849464
2010.4066 0.862517
2010.4093 0.863810
2010.4120 0.880689
2010.4148 0.871206
2010.4175 0.860535
2010.4203 0.846746
2010.4230 0.863239
2010.4257 0.854774
2010.4285 0.853410
2010.4312 0.854875
2010.4339 0.856270
2010.4367 0.862352
2010.4394 0.850547
2010.4422 0.847600
2010.4449 0.853864
2010.4476 0.842777
2010.4504 0.857441
2010.4531 0.859305
2010.4559 0.857139
2010.4586 0.866383
2010.4613 0.853970
2010.4641 0.857253
2010.4668 0.855073
2010.4695 0.853700
2010.4723 0.857755
2010.4750 0.861637
2010.4778 0.860793
2010.4805 0.864562
2010.4832 0.862278
2010.4860 0.862667
2010.4887 0.860578
2010.4914 0.864515
2010.4942 0.858993
2010.4969 0.869771
2010.4997 0.864335
2010.5024 0.848273
2010.5051 0.857804
2010.5079 0.857369
2010.5106 0.864020
2010.5133 0.862886
2010.5161 0.871376
2010.5188 0.867973
2010.5216 0.857148
2010.5243 0.873108
2010.5270 0.876125
2010.5298 0.865752
2010.5325 0.871049
2010.5352 0.863461
2010.5380 0.877413
2010.5407 0.852814
2010.5435 0.860736
2010.5462 0.858766
2010.5489 0.864597
2010.5517 0.871102
2010.5544 0.873782
2010.5572 0.874827
2010.5599 0.875815
2010.5626 0.872086
2010.5654 0.871207
2010.5681 0.875204
2010.5708 0.868831
2010.5736 0.864612
2010.5763 0.900844
2010.5791 0.884396
2010.5818 0.860017
2010.5845 0.872776
2010.5873 0.875295
2010.5900 0.881549
2010.5927 0.888362
2010.5955 0.870263
2010.5982 0.868093
2010.6010 0.875477
2010.6037 0.879585
2010.6064 0.871787
2010.6092 0.886576
2010.6119 0.885530
2010.6146 0.879208
2010.6174 0.886899
2010.6201 0.885324
2010.6229 0.885109
2010.6256 0.880119
2010.6283 0.889284
2010.6311 0.894826
2010.6338 0.872370
2010.6366 0.887366
2010.6393 0.888730
2010.6420 0.897878
2010.6448 0.890265
2010.6475 0.895556
2010.6502 0.888457
2010.6530 0.891371
2010.6557 0.894955
2010.6585 0.894695
2010.6612 0.888553
2010.6639 0.895232
2010.6667 0.893627
2010.6694 0.900318
2010.6721 0.895215
2010.6749 0.897327
2010.6776 0.891615
2010.6804 0.905219
2010.6831 0.905619
2010.6858 0.905596
2010.6886 0.899232
2010.6913 0.896847
2010.6940 0.901437
2010.6968 0.897872
2010.6995 0.892234
2010.7023 0.906876
2010.7050 0.904230
2010.7077 0.893197
2010.7105 0.902830
2010.7132 0.896950
2010.7159 0.902312
2010.7187 0.898060
2010.7214 0.913593
2010.7242 0.906145
2010.7269 0.907009
2010.7296 0.912064
2010.7324 0.913227
2010.7351 0.911259
2010.7379 0.912745
2010.7406 0.915067
2010.7433 0.908238
2010.7461 0.924113
2010.7488 0.914751
2010.7515 0.912172
2010.7543 0.914591
2010.7570 0.907063
2010.7598 0.912032
2010.7625 0.915601
2010.7652 0.915587
2010.7680 0.908090
2010.7707 0.928559
2010.7734 0.911807
2010.7762 0.910031
2010.7789 0.932266
2010.7817 0.916215
2010.7844 0.918527
2010.7871 0.908634
2010.7899 0.911268
2010.7926 0.922678
2010.7953 0.914090
2010.7981 0.923195
2010.8008 0.911278
2010.8036 0.928060
2010.8063 0.919586
2010.8090 0.930187
2010.8118 0.913419
2010.8145 0.916207
2010.8172 0.913665
2010.8200 0.908734
2010.8227 0.911371
2010.8255 0.917329
2010.8282 0.909262
2010.8309 0.918671
2010.8337 0.921106
2010.8364 0.915458
2010.8392 0.921419
2010.8419 0.922530
2010.8446 0.929769
2010.8474 0.924123
2010.8501 0.924063
2010.8528 0.919249
2010.8556 0.923415
2010.8583 0.911107
2010.8611 0.902731
2010.8638 0.911454
2010.8665 0.907483
2010.8693 0.903420
2010.8720 0.922473
2010.8747 0.927725
2010.8775 0.912817
2010.8802 0.911843
2010.8830 0.921647
2010.8857 0.913237
2010.8884 0.919793
2010.8912 0.900555
2010.8939 0.901981
2010.8966 0.922261
2010.8994 0.916506
2010.9021 0.914722
2010.9049 0.892908
2010.9076 0.913027
2010.9103 0.917354
2010.9131 0.904651
2010.9158 0.916365
2010.9185 0.907846
2010.9213 0.914446
2010.9240 0.911122
2010.9268 0.907335
2010.9295 0.910099
2010.9322 0.914987
2010.9350 0.908249
2010.9377 0.907553
2010.9405 0.924562
2010.9432 0.915947
2010.9459 0.920326
2010.9487 0.915898
2010.9514 0.917740
2010.9541 0.910422
2010.9569 0.907968
2010.9596 0.907076
2010.9624 0.906593
2010.9651 0.913606
2010.9678 0.895436
2010.9706 0.905611
2010.9733 0.906101
2010.9760 0.908311
2010.9788 0.913941
2010.9815 0.899575
2010.9843 0.912460
2010.9870 0.909977
2010.9897 0.901794
2010.9925 0.914623
2010.9952 0.900104
2010.9979 0.902358
2011.0007 0.894759
2011.0034 0.915441
2011.0062 0.897546
2011.0089 0.903530
2011.0116 0.914416
2011.0144 0.903473
2011.0171 0.906768
2011.0198 0.904952
2011.0226 0.907712
2011.0253 0.904616
2011.0281 0.903188
2011.0308 0.902159
2011.0335 0.897472
2011.0363 0.901324
2011.0390 0.906009
2011.0418 0.895933
2011.0445 0.903444
2011.0472 0.898585
2011.0500 0.897565
2011.0527 0.902030
2011.0582 0.890482
2011.0609 0.882311
2011.0637 0.904548
2011.0691 0.893071
2011.0719 0.894490
2011.0746 0.891726
2011.0773 0.885603
2011.0801 0.890813
2011.0828 0.892388
2011.0856 0.891906
2011.0883 0.896502
2011.0910 0.899704
2011.0938 0.894295
2011.0965 0.894582
2011.0992 0.896122
2011.1020 0.895109
2011.1047 0.887829
2011.1075 0.884430
2011.1102 0.889550
2011.1129 0.894163
2011.1157 0.897689
2011.1184 0.883898
2011.1211 0.879719
2011.1266 0.887582
2011.1294 0.890229
2011.1321 0.883636
2011.1348 0.890980
2011.1376 0.889735
2011.1403 0.880960
2011.1431 0.879857
2011.1458 0.881687
2011.1485 0.887000
2011.1513 0.891231
2011.1540 0.884694
2011.1567 0.882221
2011.1595 0.881824
2011.1622 0.902549
2011.1650 0.902191
2011.1677 0.887328
2011.1704 0.896049
2011.1732 0.878693
2011.1759 0.880125
2011.1786 0.880693
2011.1814 0.883811
2011.1841 0.890469
2011.1869 0.884476
2011.1896 0.876074
2011.1923 0.878787
2011.1951 0.880897
2011.1978 0.875108
2011.2005 0.873548
2011.2033 0.875905
2011.2060 0.875850
2011.2088 0.891752
2011.2115 0.874391
2011.2142 0.877830
2011.2170 0.885295
2011.2197 0.866539
2011.2225 0.869385
2011.2252 0.878643
2011.2279 0.869987
2011.2307 0.871853
2011.2334 0.866353
2011.2361 0.886219
2011.2389 0.873762
2011.2416 0.878379
2011.2444 0.875105
2011.2471 0.874412
2011.2498 0.870998
2011.2526 0.870693
2011.2553 0.864088
2011.2580 0.861010
2011.2608 0.863912
2011.2635 0.859992
2011.2663 0.876604
2011.2690 0.869950
2011.2717 0.868878
2011.2745 0.868670
2011.2772 0.866965
2011.2799 0.865865
2011.2827 0.860248
2011.2854 0.865445
2011.2882 0.863475
2011.2909 0.860966
2011.2936 0.863065
2011.2991 0.858345
2011.3018 0.871050
2011.3046 0.862649
2011.3073 0.863308
2011.3128 0.866383
2011.3183 0.865189
2011.3210 0.856130
2011.3238 0.865978
2011.3265 0.865625
2011.3292 0.854625
2011.3320 0.858632
2011.3347 0.868390
2011.3374 0.844481
2011.3402 0.866369
2011.3429 0.871671
2011.3457 0.861226
2011.3484 0.857954
2011.3511 0.872388
2011.3539 0.862994
2011.3566 0.856647
2011.3593 0.855436
2011.3621 0.858628
2011.3648 0.860926
2011.3676 0.857315
2011.3703 0.859947
2011.3730 0.860563
2011.3758 0.864863
2011.3785 0.858958
2011.3812 0.856245
2011.3840 0.848565
2011.3867 0.858418
2011.3895 0.852197
2011.3922 0.853448
2011.3949 0.849042
2011.3977 0.844967
2011.4004 0.849241
2011.4031 0.847743
2011.4059 0.851596
2011.4086 0.840747
2011.4114 0.858748
2011.4141 0.858385
2011.4168 0.855994
2011.4196 0.856395
2011.4223 0.845628
2011.4251 0.851606
2011.4278 0.851333
2011.4305 0.848909
2011.4333 0.852410
2011.4360 0.855066
2011.4387 0.844703
2011.4415 0.848972
2011.4442 0.860128
2011.4470 0.849603
2011.4497 0.853089
2011.4524 0.865001
2011.4552 0.864915
2011.4579 0.849151
2011.4606 0.847573
2011.4634 0.857853
2011.4661 0.848762
2011.4689 0.846750
2011.4716 0.852432
2011.4743 0.848313
2011.4771 0.851531
2011.4798 0.844811
2011.4825 0.851822
2011.4853 0.852701
2011.4880 0.854931
2011.4908 0.864399
2011.4935 0.852102
2011.4962 0.847860
2011.4990 0.852517
2011.5017 0.851510
2011.5044 0.855761
2011.5072 0.852115
2011.5099 0.855881
2011.5127 0.844094
2011.5154 0.843830
2011.5181 0.846176
2011.5209 0.858327
2011.5236 0.854511
2011.5264 0.858050
2011.5291 0.853142
2011.5318 0.869108
2011.5346 0.853507
2011.5373 0.863427
2011.5400 0.862006
2011.5428 0.856559
2011.5455 0.857863
2011.5483 0.855146
2011.5510 0.856633
2011.5537 0.852715
2011.5565 0.864097
2011.5592 0.862793
2011.5619 0.866565
2011.5647 0.860861
2011.5674 0.859187
2011.5702 0.870994
2011.5729 0.857721
2011.5756 0.864382
2011.5784 0.868031
2011.5811 0.867459
2011.5838 0.877358
2011.5866 0.873248
2011.5893 0.864492
2011.5921 0.864250
2011.5948 0.863753
2011.5975 0.868848
2011.6003 0.869015
2011.6057 0.869121
2011.6085 0.879743
2011.6112 0.871317
2011.6140 0.873621
2011.6167 0.875488
2011.6194 0.873135
2011.6222 0.885640
2011.6249 0.889695
2011.6277 0.872139
2011.6304 0.875835
2011.6331 0.876337
2011.6359 0.887705
2011.6386 0.869956
2011.6413 0.876298
2011.6441 0.878646
2011.6468 0.880771
2011.6496 0.874252
2011.6550 0.888133
2011.6578 0.893068
2011.6605 0.883168
2011.6632 0.884561
2011.6660 0.902784
2011.6687 0.886274
2011.6715 0.895310
2011.6742 0.894835
2011.6769 0.895146
2011.6797 0.898832
2011.6824 0.891669
2011.6851 0.887139
2011.6879 0.890984
2011.6906 0.888532
2011.6961 0.896236
2011.6988 0.893374
2011.7016 0.897947
2011.7043 0.899490
2011.7070 0.906116
2011.7098 0.898177
2011.7153 0.902409
2011.7180 0.891849
2011.7207 0.895818
2011.7235 0.895616
2011.7262 0.904159
2011.7290 0.894876
2011.7317 0.897395
2011.7344 0.891441
2011.7372 0.891130
2011.7426 0.902985
2011.7454 0.900999
2011.7481 0.906995
2011.7509 0.914412
2011.7536 0.920208
2011.7563 0.911393
2011.7591 0.901827
2011.7618 0.909041
2011.7645 0.904162
2011.7673 0.908392
2011.7700 0.917701
2011.7755 0.909444
2011.7782 0.906786
2011.7810 0.908961
2011.7837 0.912962
2011.7864 0.918721
2011.7892 0.913813
2011.8275 0.912917
2011.8303 0.913529
2011.8330 0.917366
2011.8357 0.905107
2011.8385 0.908820
2011.8412 0.901444
2011.8439 0.913727
2011.8467 0.917683
2011.8494 0.900761
2011.8549 0.916229
2012.0684 0.873368
2012.0712 0.886040
2012.0739 0.873920
2012.0767 0.883726
2012.0794 0.881469
2012.0821 0.868801
2012.0849 0.876110
2012.0876 0.875962
2012.0903 0.866482
2012.0931 0.882722
2012.0958 0.884614
2012.0986 0.868313
2012.1013 0.877029
2012.1040 0.878916
2012.1068 0.863555
2012.1095 0.869408
2012.1123 0.879577
2012.1150 0.868691
2012.1177 0.877697
2012.1205 0.863920
2012.1232 0.870309
2012.1259 0.867302
2012.1287 0.867869
2012.1314 0.865970
2012.1342 0.870059
2012.1369 0.858177
2012.1396 0.868839
2012.1424 0.869213
2012.1451 0.858667
2012.1478 0.867769
2012.1506 0.860178
2012.1533 0.873582
2012.1561 0.860171
2012.1588 0.868222
2012.1615 0.861501
2012.1643 0.855119
2012.1670 0.857689
2012.1697 0.853549
2012.1725 0.858718
2012.1752 0.864853
2012.1780 0.871232
2012.1807 0.857446
2012.1834 0.864206
2012.1862 0.847478
2012.1889 0.854676
2012.1916 0.860271
2012.1944 0.847083
2012.1971 0.855970
2012.1999 0.850622
2012.2026 0.859875
2012.2053 0.848274
2012.2081 0.849759
2012.2108 0.849195
2012.2136 0.857208
2012.2163 0.861168
2012.2190 0.862163
2012.2218 0.858713
2012.2245 0.851879
2012.2272 0.847664
2012.2300 0.849529
2012.2327 0.858633
2012.2355 0.839238
2012.2382 0.851794
2012.2409 0.838571
2012.2437 0.852935
2012.2464 0.847856
2012.2491 0.837890
2012.2519 0.841644
2012.2546 0.843427
2012.2574 0.841562
2012.2601 0.847429
2012.2628 0.846818
2012.2656 0.843359
2012.2683 0.854200
2012.2710 0.848078
2012.2738 0.839692
2012.2765 0.849085
2012.2793 0.833118
2012.2820 0.843457
2012.2847 0.845308
2012.2875 0.850490
2012.2902 0.833928
2012.2930 0.847723
2012.2957 0.833375
2012.2984 0.847786
2012.3012 0.833171
2012.3039 0.830281
2012.3066 0.835532
2012.3094 0.843784
2012.3121 0.846284
2012.3149 0.847865
2012.3176 0.846556
2012.3203 0.829592
2012.3231 0.832891
2012.3258 0.844674
2012.3285 0.836840
2012.3313 0.829378
2012.3340 0.826987
2012.3368 0.844309
2012.3450 0.844493
2012.3477 0.833491
2012.3504 0.838139
2012.3532 0.837104
2012.3559 0.852683
2012.3641 0.844274
2012.3669 0.838389
2012.3696 0.829896
2012.3723 0.842038
2012.3751 0.844971
2012.3778 0.841052
2012.3806 0.835371
2012.3833 0.833878
2012.3860 0.839883
2012.3888 0.837386
2012.3915 0.844364
2012.3997 0.834310
2012.4025 0.848247
2012.4052 0.841244
2012.4079 0.841967
2012.4107 0.847227
2012.4134 0.846513
2012.4162 0.841737
2012.4189 0.841401
2012.4216 0.856133
2012.4244 0.845103
2012.4271 0.837218
2012.4298 0.839224
2012.4326 0.840462
2012.4353 0.840374
2012.4381 0.843610
2012.4408 0.849435
2012.4435 0.840961
2012.4463 0.836480
2012.4490 0.854472
2012.4517 0.840746
2012.4545 0.846499
2012.4572 0.848083
2012.4600 0.846188
2012.4627 0.855170
2012.4654 0.854414
2012.4682 0.842321
2012.4709 0.842299
2012.4736 0.841448
2012.4764 0.840754
2012.4791 0.858107
2012.4819 0.830726
2012.4846 0.837897
2012.4873 0.845850
2012.4901 0.856142
2012.4928 0.847804
2012.4956 0.837980
2012.4983 0.843772
2012.5010 0.846819
2012.5038 0.840679
2012.5065 0.851918
2012.5092 0.847284
2012.5120 0.847264
2012.5147 0.839180
2012.5175 0.844586
2012.5202 0.846048
2012.5229 0.843432
2012.5257 0.831780
2012.5284 0.854923
2012.5311 0.847827
2012.5339 0.836967
2012.5366 0.849009
2012.5394 0.832911
2012.5421 0.848382
2012.5448 0.842637
2012.5476 0.843746
2012.5503 0.851517
2012.5530 0.847481
2012.5558 0.853087
2012.5585 0.848957
2012.5613 0.855145
2012.5640 0.849912
2012.5667 0.858367
2012.5695 0.848532
2012.5722 0.851923
2012.5749 0.854716
2012.5777 0.856267
2012.5804 0.855731
2012.5832 0.855730
2012.5859 0.856300
2012.5886 0.854648
2012.5914 0.858598
2012.5941 0.858756
2012.5969 0.861973
2012.5996 0.862193
2012.6023 0.861439
2012.6051 0.863495
2012.6078 0.873322
2012.6105 0.868097
2012.6133 0.860615
2012.6160 0.853558
2012.6188 0.864403
2012.6215 0.873419
2012.6242 0.865248
2012.6270 0.865894
2012.6297 0.866953
2012.6324 0.873729
2012.6352 0.865252
2012.6379 0.859501
2012.6407 0.868257
2012.6434 0.868436
2012.6461 0.864861
2012.6489 0.869939
2012.6516 0.868870
2012.6543 0.867069
2012.6571 0.874953
2012.6598 0.866870
2012.6626 0.880373
2012.6653 0.881523
2012.6680 0.878572
2012.6708 0.889548
2012.6735 0.876789
2012.6762 0.885399
2012.6790 0.887521
2012.6817 0.882299
2012.6845 0.880858
2012.6872 0.877168
2012.6899 0.869655
2012.6927 0.883849
2012.6954 0.878699
2012.6982 0.897289
2012.7009 0.888360
2012.7036 0.884920
2012.7064 0.895160
2012.7091 0.892829
2012.7118 0.893840
2012.7146 0.882625
2012.7173 0.903139
2012.7201 0.895587
2012.7228 0.897143
2012.7255 0.891724
2012.7283 0.883915
2012.7310 0.890313
2012.7337 0.895274
2012.7365 0.898704
2012.7392 0.896459
2012.7420 0.896438
2012.7447 0.899375
2012.7474 0.911567
2012.7502 0.892221
2012.7529 0.905727
2012.7556 0.893589
2012.7584 0.895627
2012.7611 0.900797
2012.7639 0.897269
2012.7666 0.900521
2012.7693 0.903249
2012.7721 0.909765
2012.7748 0.906153
2012.7775 0.902370
2012.7803 0.901572
2012.7830 0.909903
2012.7858 0.900913
2012.7885 0.912842
2012.7940 0.900915
2012.7967 0.918577
2012.7995 0.911512
2012.8022 0.911498
2012.8049 0.896942
2012.8077 0.910480
2012.8104 0.914403
2012.8131 0.912717
2012.8159 0.911574
2012.8186 0.906211
2012.8214 0.896402
2012.8241 0.902238
2012.8268 0.895388
2012.8296 0.904102
2012.8323 0.901702
2012.8350 0.897123
2012.8378 0.900962
2012.8433 0.908232
2012.8460 0.927035
2012.8487 0.911815
2012.8542 0.902880
2012.8569 0.894044
2012.8597 0.907160
2012.8624 0.910976
2012.8652 0.902872
2012.8679 0.904837
2012.8706 0.909095
2012.8734 0.919805
2012.8761 0.908648
2012.8789 0.909201
2012.8816 0.914081
2012.8843 0.899970
2012.8871 0.917414
2012.8898 0.904049
2012.8925 0.908696
2012.8953 0.913668
2012.8980 0.915498
2012.9008 0.917898
2012.9035 0.912568
2012.9062 0.913002
2012.9090 0.925157
2012.9117 0.907342
2012.9144 0.901514
2012.9172 0.925643
2012.9227 0.910313
2012.9254 0.906804
2012.9281 0.910908
2012.9309 0.909305
2012.9336 0.903380
2012.9391 0.899533
2012.9418 0.907408
2012.9446 0.893457
2012.9473 0.896945
2012.9500 0.910050
2012.9528 0.914283
2012.9555 0.944413
2012.9582 0.962264
2012.9610 0.918718
2012.9637 0.915281
2012.9665 0.921460
2012.9692 0.911628
2012.9719 0.918152
2012.9747 0.899578
2012.9774 0.902451
2012.9802 0.902041
2012.9829 0.908859
2012.9856 0.891963
2012.9884 0.906870
2012.9911 0.897770
2012.9938 0.900555
2012.9966 0.891443
2012.9993 0.898484
2013.0021 0.902471
2013.0048 0.897450
2013.0075 0.899357
2013.0103 0.888553
2013.0130 0.912184
2013.0157 0.888304
2013.0185 0.889393
2013.0212 0.886482
2013.0240 0.893502
2013.0267 0.902160
2013.0294 0.905444
2013.0322 0.883097
2013.0349 0.897475
2013.0376 0.898168
2013.0404 0.897442
2013.0431 0.898608
2013.0459 0.894036
2013.0486 0.894620
2013.0513 0.887902
2013.0541 0.890724
2013.0568 0.881322
2013.0595 0.888416
2013.0623 0.893319
2013.0650 0.880947
2013.0678 0.869857
2013.0705 0.885802
2013.0732 0.887820
2013.0760 0.888695
2013.0787 0.890274
2013.0815 0.877491
2013.0842 0.887555
2013.0869 0.883658
2013.0897 0.883206
2013.0924 0.882137
2013.0951 0.890437
2013.0979 0.891397
2013.1006 0.877370
2013.1034 0.879497
2013.1061 0.883810
2013.1088 0.886899
2013.1116 0.875334
2013.1143 0.871740
2013.1170 0.870279
2013.1198 0.877715
2013.1225 0.883161
2013.1253 0.880922
2013.1280 0.875461
2013.1307 0.876568
2013.1335 0.877365
2013.1362 0.883509
2013.1389 0.880801
2013.1417 0.876215
2013.1444 0.879338
2013.1472 0.875279
2013.1499 0.875684
2013.1526 0.872291
2013.1554 0.872298
2013.1581 0.877388
2013.1608 0.875501
2013.1636 0.872869
2013.1663 0.878684
2013.1691 0.865618
2013.1718 0.858863
2013.1745 0.868818
2013.1773 0.864611
2013.1800 0.860680
2013.1828 0.864586
2013.1855 0.866716
2013.1882 0.875879
2013.1910 0.878553
2013.1937 0.877144
2013.1964 0.856409
2013.1992 0.865181
2013.2019 0.873132
2013.2047 0.873089
2013.2074 0.865955
2013.2101 0.866504
2013.2129 0.863605
2013.2156 0.861571
2013.2183 0.856877
2013.2211 0.866765
2013.2238 0.858665
2013.2266 0.870540
2013.2293 0.868766
2013.2320 0.867133
2013.2348 0.857606
2013.2375 0.872801
2013.2402 0.863712
2013.2430 0.857669
2013.2457 0.861656
2013.2485 0.877820
2013.2512 0.862138
2013.2539 0.853838
2013.2567 0.858559
2013.2594 0.869424
2013.2621 0.842664
2013.2649 0.851096
2013.2704 0.887425
2013.2731 0.880684
2013.2758 0.881266
2013.2786 0.879322
2013.2813 0.883184
2013.2841 0.876048
2013.2868 0.874689
2013.2895 0.872082
2013.2923 0.860719
2013.2950 0.874870
2013.2977 0.863366
2013.3005 0.857195
2013.3032 0.871875
2013.3060 0.865838
2013.3087 0.865824
2013.3114 0.871257
2013.3142 0.863072
2013.3169 0.862046
2013.3196 0.856965
2013.3224 0.871930
2013.3251 0.869443
2013.3279 0.867531
2013.3306 0.854980
2013.3333 0.866713
2013.3361 0.875988
2013.3388 0.860281
2013.3415 0.856974
2013.3443 0.870980
2013.3470 0.862249
2013.3498 0.854816
2013.3525 0.858558
2013.3552 0.854105
2013.3580 0.861009
2013.3607 0.860916
2013.3634 0.859113
2013.3662 0.869183
2013.3689 0.842332
2013.3717 0.851077
2013.3744 0.859936
2013.3771 0.856788
2013.3799 0.851415
2013.3826 0.848360
2013.3854 0.860563
2013.3881 0.853516
2013.3908 0.865026
2013.3990 0.871814
2013.4018 0.857982
2013.4045 0.864959
2013.4073 0.861137
2013.4100 0.862221
2013.4127 0.854466
2013.4155 0.851672
2013.4182 0.859986
2013.4209 0.849010
2013.4237 0.864220
2013.4264 0.863014
2013.4292 0.857102
2013.4319 0.864779
2013.4346 0.858846
2013.4374 0.865862
2013.4401 0.849855
2013.4428 0.864322
2013.4456 0.869393
2013.4483 0.864906
2013.4511 0.857654
2013.4538 0.869098
2013.4565 0.866137
2013.4593 0.858674
2013.4620 0.864352
2013.4648 0.865927
2013.4675 0.870124
2013.4702 0.868162
2013.4730 0.864529
2013.4757 0.855844
2013.4784 0.869311
2013.4812 0.865592
2013.4839 0.862176
2013.4867 0.868156
2013.4894 0.863530
2013.4921 0.870315
2013.4949 0.875784
2013.4976 0.859865
2013.5003 0.869350
2013.5031 0.861358
2013.5058 0.867684
2013.5086 0.865384
2013.5113 0.872447
2013.5140 0.856959
2013.5168 0.861373
2013.5195 0.864816
2013.5222 0.867031
2013.5250 0.869658
2013.5277 0.860283
2013.5305 0.868236
2013.5332 0.867953
2013.5359 0.858819
2013.5414 0.864925
2013.5441 0.869534
2013.5469 0.861466
2013.5496 0.855675
2013.5524 0.865914
2013.5551 0.871363
2013.5578 0.869707
2013.5606 0.870118
2013.5633 0.866808
2013.5661 0.864895
2013.5688 0.882310
2013.5715 0.858329
2013.5743 0.872212
2013.5770 0.874239
2013.5797 0.886105
2013.5825 0.862807
2013.5852 0.874357
2013.5880 0.870666
2013.5907 0.875544
2013.5934 0.883314
2013.5962 0.889580
2013.5989 0.881728
2013.6016 0.886211
2013.6044 0.874269
2013.6071 0.879470
2013.6099 0.888701
2013.6126 0.878018
2013.6153 0.875801
2013.6181 0.875906
2013.6208 0.874167
2013.6235 0.876513
2013.6263 0.882750
2013.6290 0.879349
2013.6318 0.878334
2013.6345 0.888527
2013.6372 0.886874
2013.6400 0.890356
2013.6427 0.886684
2013.6454 0.880256
2013.6482 0.877549
2013.6509 0.871912
2013.6537 0.887518
2013.6564 0.882656
2013.6591 0.889271
2013.6619 0.891219
2013.6646 0.888593
2013.6674 0.885631
2013.6701 0.886872
2013.6728 0.889475
2013.6756 0.878161
2013.6783 0.893239
2013.6810 0.882333
2013.6838 0.875490
2013.6865 0.889319
2013.6893 0.887176
2013.6920 0.879307
2013.6947 0.891777
2013.6975 0.892663
2013.7002 0.896042
2013.7029 0.896757
2013.7057 0.891701
2013.7084 0.892907
2013.7112 0.896913
2013.7139 0.895115
2013.7166 0.892259
2013.7194 0.886069
2013.7221 0.896713
2013.7248 0.895752
2013.7276 0.884512
2013.7303 0.902739
2013.7331 0.899930
2013.7358 0.892435
2013.7385 0.913112
2013.7413 0.895254
2013.7440 0.902939
2013.7467 0.900588
2013.7495 0.905358
2013.7522 0.896135
2013.7550 0.906459
2013.7577 0.904681
2013.7604 0.904131
2013.7632 0.911864
2013.7659 0.897885
2013.7687 0.905811
2013.7714 0.901260
2013.7741 0.909963
2013.7769 0.916659
2013.7796 0.901580
2013.7823 0.911873
2013.7851 0.908810
2013.7878 0.908416
2013.7906 0.921329
2013.7933 0.903016
2013.7960 0.912631
2013.7988 0.907235
2013.8015 0.907025
2013.8042 0.919280
2013.8070 0.914638
2013.8097 0.903100
2013.8125 0.942885
2013.8152 0.917973
2013.8179 0.919813
2013.8207 0.911391
2013.8234 0.901797
2013.8261 0.917896
2013.8289 0.921116
2013.8316 0.918016
2013.8344 0.919570
2013.8371 0.911724
2013.8398 0.919493
2013.8426 0.923680
2013.8453 0.908544
2013.8480 0.909320
2013.8508 0.918337
2013.8535 0.919090
2013.8563 0.921403
2013.8590 0.916115
2013.8617 0.930289
2013.8645 0.919910
2013.8672 0.915392
2013.8700 0.923324
2013.8727 0.908272
2013.8754 0.919946
2013.8782 0.926616
2013.8809 0.906597
2013.8836 0.925093
2013.8864 0.916821
2013.8891 0.915768
2013.8919 0.924063
2013.8946 0.920685
2013.8973 0.931226
2013.9001 0.929224
2013.9028 0.929902
2013.9083 0.918805
2013.9110 0.912841
2013.9138 0.909430
2013.9165 0.908849
2013.9192 0.920116
2013.9220 0.911710
2013.9247 0.911398
2013.9274 0.913989
2013.9302 0.907781
2013.9329 0.932950
2013.9357 0.925151
2013.9384 0.909066
2013.9411 0.923178
2013.9439 0.911232
2013.9466 0.917427
2013.9493 0.918795
2013.9521 0.907180
2013.9548 0.897160
2013.9576 0.919223
2013.9603 0.918338
2013.9630 0.895922
2013.9658 0.908021
2013.9685 0.912669
2013.9713 0.898826
2013.9740 0.899809
2013.9767 0.905506
2013.9795 0.911329
2013.9822 0.905219
2013.9849 0.904142
2013.9877 0.902426
2013.9904 0.902208
2013.9932 0.910056
2013.9959 0.898525
2013.9986 0.907092
2014.0014 0.901929
2014.0041 0.918506
2014.0068 0.908032
2014.0096 0.901485
2014.0123 0.909832
2014.0151 0.902082
2014.0178 0.904689
2014.0205 0.907190
2014.0233 0.899784
2014.0260 0.898110
2014.0287 0.891826
2014.0315 0.897904
2014.0342 0.898064
2014.0370 0.897003
2014.0397 0.897292
2014.0424 0.898359
2014.0452 0.899705
2014.0479 0.906725
2014.0507 0.896914
2014.0534 0.904083
2014.0561 0.898882
2014.0589 0.899680
2014.0616 0.903866
2014.0643 0.896539
2014.0671 0.899722
2014.0698 0.905867
2014.0726 0.897062
2014.0753 0.890049
2014.0780 0.894669
2014.0808 0.894621
2014.0835 0.894861
2014.0862 0.889204
2014.0890 0.897639
2014.0917 0.895791
2014.0945 0.902937
2014.0972 0.888314
2014.0999 0.892182
2014.1027 0.889561
2014.1054 0.893115
2014.1081 0.889575
2014.1109 0.880394
2014.1136 0.883237
2014.1164 0.885602
2014.1191 0.887498
2014.1218 0.890427
2014.1246 0.884771
2014.1273 0.881652
2014.1300 0.878650
2014.1328 0.898449
2014.1355 0.885964
2014.1383 0.890333
2014.1410 0.890839
2014.1437 0.884927
2014.1465 0.889016
2014.1492 0.882809
2014.1520 0.889235
2014.1547 0.887885
2014.1574 0.884474
2014.1602 0.876747
2014.1629 0.881697
2014.1656 0.879631
2014.1684 0.876841
2014.1711 0.884967
2014.1739 0.875434
2014.1766 0.879892
2014.1793 0.891686
2014.1821 0.883648
2014.1848 0.883373
2014.1875 0.872717
2014.1903 0.871096
2014.1930 0.881453
2014.1958 0.878466
2014.1985 0.883446
2014.2012 0.861257
2014.2040 0.876941
2014.2067 0.862106
2014.2094 0.874092
2014.2122 0.883558
2014.2149 0.880469
2014.2177 0.878182
2014.2204 0.869858
2014.2231 0.879746
2014.2259 0.892155
2014.2286 0.869505
2014.2313 0.876581
2014.2341 0.865782
2014.2368 0.874279
2014.2396 0.878659
2014.2423 0.871270
2014.2450 0.886403
2014.2478 0.872695
2014.2505 0.875013
2014.2533 0.870306
2014.2560 0.882223
2014.2587 0.889028
2014.2615 0.873093
2014.2642 0.870025
2014.2669 0.858791
2014.2697 0.863012
2014.2724 0.868132
2014.2752 0.870965
2014.2779 0.866227
2014.2806 0.875893
2014.2834 0.867955
2014.2861 0.868399
2014.2888 0.864306
2014.2916 0.875423
2014.2943 0.866208
2014.2971 0.860307
2014.2998 0.872357
2014.3025 0.868129
2014.3053 0.863234
2014.3080 0.867166
2014.3107 0.873898
2014.3135 0.865690
2014.3162 0.872012
2014.3190 0.869122
2014.3217 0.865455
2014.3244 0.876280
2014.3272 0.875719
2014.3299 0.874273
2014.3326 0.865046
2014.3354 0.860425
2014.3381 0.857602
2014.3409 0.860237
2014.3929 0.858954
2014.3956 0.860664
2014.3984 0.858900
2014.4011 0.856241
2014.4038 0.859068
2014.4066 0.855571
2014.4093 0.851694
2014.4120 0.854515
2014.4148 0.860601
2014.4175 0.843336
2014.4203 0.854263
2014.4230 0.858061
2014.4257 0.843592
2014.4285 0.849602
2014.4312 0.847696
2014.4339 0.840515
2014.4367 0.852061
2014.4394 0.857732
2014.4422 0.852444
2014.4449 0.844090
2014.4476 0.845399
2014.4504 0.842600
2014.4531 0.846180
2014.4559 0.836909
2014.4586 0.848259
2014.4613 0.846493
2014.4641 0.837481
2014.4668 0.852354
2014.4695 0.855195
2014.4723 0.858046
2014.4750 0.856747
2014.4778 0.860810
2014.4805 0.843284
2014.4832 0.841143
2014.4860 0.843426
2014.4887 0.852894
2014.4914 0.837435
2014.4942 0.850616
2014.4969 0.847882
2014.4997 0.843723
2014.5024 0.846130
2014.5051 0.860100
2014.5079 0.850034
2014.5106 0.845970
2014.5133 0.850415
2014.5161 0.838783
2014.5188 0.842667
2014.5216 0.857378
2014.5243 0.854833
2014.5270 0.851813
2014.5325 0.843580
2014.5352 0.858338
2014.5380 0.862590
2014.5407 0.864267
2014.5435 0.862551
2014.5462 0.847182
2014.5489 0.851676
2014.5517 0.847059
2014.5544 0.856693
2014.5572 0.856875
2014.5599 0.862884
2014.5626 0.850984
2014.5654 0.857574
2014.5681 0.856104
2014.5708 0.854651
2014.5736 0.861064
2014.5763 0.835139
2014.5791 0.860889
2014.5818 0.843326
2014.5845 0.862229
2014.5873 0.851881
2014.5900 0.864233
2014.5927 0.850275
2014.5955 0.866788
2014.5982 0.848265
2014.6010 0.864287
2014.6037 0.867732
2014.6064 0.847807
2014.6092 0.860298
2014.6119 0.854550
2014.6146 0.857175
2014.6174 0.865050
2014.6201 0.866679
2014.6229 0.847768
2014.6256 0.858449
2014.6283 0.868948
2014.6311 0.859583
2014.6338 0.882762
2014.6366 0.886246
2014.6393 0.875045
2014.6420 0.877794
2014.6448 0.867245
2014.6475 0.873017
2014.6502 0.870654
2014.6530 0.869242
2014.6557 0.903276
2014.6585 0.888588
2014.6612 0.880723
2014.6639 0.871692
2014.6667 0.887774
2014.6694 0.882433
2014.6721 0.877140
2014.6749 0.885936
2014.6776 0.904798
2014.6804 0.879535
2014.6831 0.900808
2014.6858 0.894825
2014.6886 0.894632
2014.6913 0.892024
2014.6940 0.901058
2014.6968 0.878951
2014.6995 0.889446
2014.7023 0.890097
2014.7050 0.899846
2014.7077 0.902542
2014.7105 0.899218
2014.7132 0.900742
2014.7159 0.911466
2014.7187 0.905961
2014.7214 0.915148
2014.7242 0.914546
2014.7269 0.913715
2014.7296 0.912324
2014.7324 0.911275
2014.7351 0.900069
2014.7379 0.908438
2014.7406 0.915127
2014.7433 0.910510
2014.7461 0.911111
2014.7488 0.895870
2014.7515 0.926893
2014.7543 0.908743
2014.7570 0.908585
2014.7598 0.919432
2014.7625 0.902374
2014.7652 0.912982
2014.7680 0.912868
2014.7707 0.910560
2014.7734 0.916628
2014.7762 0.912654
2014.7789 0.919603
2014.7817 0.915713
2014.7844 0.916188
2014.7871 0.926343
2014.7899 0.920251
2014.7926 0.922828
2014.7953 0.917583
2014.7981 0.917328
2014.8008 0.920296
2014.8036 0.914277
2014.8063 0.930646
2014.8090 0.921531
2014.8118 0.929037
2014.8145 0.909149
2014.8172 0.922285
2014.8200 0.918152
2014.8227 0.931524
2014.8255 0.906708
2014.8857 0.915312
2014.8884 0.921718
2014.8912 0.914305
2014.8939 0.942585
2014.8966 0.911212
2014.8994 0.917026
2014.9021 0.925201
2014.9049 0.915356
2014.9076 0.925474
2014.9103 0.920807
2014.9131 0.921693
2014.9158 0.913803
2014.9185 0.922559
2014.9213 0.920771
2014.9240 0.922166
2014.9268 0.911479
2014.9295 0.907863
2014.9322 0.913152
2014.9350 0.914414
2014.9377 0.922185
2014.9405 0.915560
2014.9432 0.912874
2014.9459 0.914007
2014.9487 0.908839
2014.9514 0.919474
2014.9541 0.909771
2014.9569 0.916072
2014.9596 0.914878
2014.9624 0.911412
2014.9651 0.929479
2014.9678 0.913986
2014.9706 0.901193
2014.9733 0.923375
2014.9760 0.908563
2014.9788 0.915544
2014.9815 0.920674
2014.9843 0.927826
2014.9870 0.916701
2014.9897 0.912750
2014.9925 0.907150
2014.9952 0.920387
2014.9979 0.906398
2015.0007 0.917547
2015.0034 0.909424
2015.0062 0.905894
2015.0089 0.909675
2015.0116 0.919795
2015.0144 0.915783
2015.0171 0.907526
2015.0198 0.902689
2015.0226 0.923763
2015.0253 0.912648
2015.0281 0.915110
2015.0308 0.913421
2015.0335 0.906214
2015.0363 0.911623
2015.0390 0.911402
2015.0418 0.914715
2015.0445 0.904478
2015.0472 0.908474
2015.0500 0.900125
2015.0527 0.905341
2015.0554 0.918244
2015.0582 0.917941
2015.0609 0.905592
2015.0637 0.911014
2015.0664 0.913324
2015.0691 0.906843
2015.0719 0.910721
2015.0746 0.913751
2015.0773 0.899459
2015.0801 0.906261
2015.0828 0.899912
2015.0856 0.904058
2015.0883 0.899445
2015.0910 0.906325
2015.0938 0.898935
2015.0965 0.898565
2015.0992 0.900370
2015.1020 0.899851
2015.1047 0.900651
2015.1075 0.900627
2015.1102 0.902273
2015.1129 0.906799
2015.1157 0.898882
2015.1184 0.905618
2015.1211 0.894774
2015.1239 0.905890
2015.1266 0.903233
2015.1294 0.896049
2015.1321 0.894669
2015.1348 0.896682
2015.1376 0.894108
2015.1403 0.897994
2015.1431 0.883401
2015.1458 0.899064
2015.1485 0.902423
2015.1513 0.899164
2015.1540 0.895183
2015.1567 0.902957
2015.1595 0.895460
2015.1622 0.908003
2015.1650 0.894991
2015.1677 0.894909
2015.1704 0.893798
2015.1732 0.895670
2015.1759 0.894161
2015.1786 0.892364
2015.1814 0.901480
2015.1841 0.893928
2015.1869 0.898212
2015.1896 0.894043
2015.1923 0.889979
2015.1951 0.910239
2015.1978 0.896443
2015.2005 0.900303
2015.2033 0.893207
2015.2060 0.900152
2015.2088 0.892672
2015.2115 0.888520
2015.2142 0.887753
2015.2170 0.880346
2015.2197 0.892115
2015.2225 0.901230
2015.2252 0.887318
2015.2307 0.880291
2015.2334 0.877198
2015.2361 0.867573
2015.2389 0.884181
2015.2416 0.884455
2015.2444 0.887306
2015.2471 0.877293
2015.2498 0.880884
2015.2526 0.892675
2015.2553 0.890922
2015.2580 0.886013
2015.2608 0.878723
2015.2635 0.886794
2015.2663 0.879957
2015.2690 0.879516
2015.2717 0.887166
2015.2745 0.877065
2015.2772 0.892798
2015.2799 0.875453
2015.2827 0.877435
2015.2854 0.879933
2015.2882 0.879028
2015.2909 0.877359
2015.2936 0.884696
2015.2964 0.877168
2015.2991 0.876830
2015.3018 0.877421
2015.3046 0.873131
2015.3073 0.875919
2015.3101 0.872461
2015.3128 0.870233
2015.3155 0.872670
2015.3183 0.873742
2015.3210 0.877115
2015.3238 0.878977
2015.3265 0.874229
2015.3292 0.868180
2015.3320 0.865867
2015.3347 0.876565
2015.3374 0.872993
2015.3402 0.871885
2015.3429 0.873936
2015.3457 0.872623
2015.3484 0.881631
2015.3511 0.878655
2015.3539 0.870975
2015.3566 0.876330
2015.3593 0.866795
2015.3621 0.880969
2015.3648 0.868416
2015.3676 0.867590
2015.3703 0.877196
2015.3730 0.865496
2015.3758 0.862510
2015.3785 0.867089
2015.3812 0.868909
2015.3840 0.873228
2015.3867 0.867091
2015.3895 0.859996
2015.3922 0.859925
2015.3949 0.864515
2015.3977 0.861852
2015.4004 0.870632
2015.4031 0.863851
2015.4059 0.866663
2015.4086 0.865746
2015.4114 0.871447
2015.4141 0.858452
2015.4168 0.858135
2015.4196 0.869512
2015.4223 0.869718
2015.4251 0.872200
2015.4278 0.875594
2015.4305 0.880154
2015.4333 0.870190
2015.4360 0.868972
2015.4387 0.868809
2015.4415 0.869455
2015.4442 0.863947
2015.4470 0.868664
2015.4497 0.867839
2015.4524 0.860750
2015.4552 0.868557
2015.4579 0.866669
2015.4606 0.866445
2015.4634 0.870196
2015.4661 0.873648
2015.4689 0.870917
2015.4716 0.870745
2015.4743 0.859625
2015.4771 0.864884
2015.4798 0.858356
2015.4825 0.854370
2015.4853 0.845733
2015.4880 0.870201
2015.4908 0.856806
2015.4935 0.872084
2015.4962 0.875409
2015.4990 0.871693
2015.5017 0.861154
2015.5044 0.876170
2015.5072 0.869628
2015.5099 0.876019
2015.5127 0.878354
2015.5154 0.871160
2015.5181 0.866717
2015.5209 0.866050
2015.5236 0.867742
2015.5264 0.875928
2015.5291 0.874789
2015.5318 0.880073
2015.5346 0.863055
2015.5373 0.861713
2015.5400 0.861674
2015.5428 0.874557
2015.5455 0.868937
2015.5483 0.879394
2015.5510 0.871115
2015.5537 0.869433
2015.5565 0.870616
2015.5592 0.874939
2015.5619 0.878010
2015.5647 0.868817
2015.5674 0.879140
2015.5702 0.873042
2015.5729 0.868529
2015.5756 0.870780
2015.5784 0.873959
2015.5811 0.873372
2015.5838 0.891768
2015.5866 0.881271
2015.5893 0.874538
2015.5921 0.873510
2015.5948 0.877267
2015.5975 0.876061
2015.6003 0.870883
2015.6030 0.882065
2015.6057 0.867425
2015.6085 0.878206
2015.6112 0.882859
2015.6140 0.884489
2015.6167 0.880037
2015.6194 0.883195
2015.6222 0.876149
2015.6249 0.886654
2015.6277 0.877444
2015.6304 0.878382
2015.6331 0.893842
2015.6359 0.885673
2015.6386 0.887698
2015.6413 0.887765
2015.6441 0.892433
2015.6468 0.891935
2015.6496 0.887559
2015.6523 0.887752
2015.6550 0.882634
2015.6578 0.901601
2015.6605 0.886011
2015.6632 0.894752
2015.6660 0.888914
2015.6687 0.889653
2015.6715 0.895695
2015.6742 0.901239
2015.6769 0.896594
2015.6797 0.900012
2015.6824 0.905926
2015.6851 0.895607
2015.6879 0.894309
2015.6906 0.897362
2015.6934 0.907047
2015.6961 0.897146
2015.6988 0.900742
2015.7016 0.902963
2015.7043 0.898688
2015.7070 0.896062
2015.7098 0.898080
2015.7125 0.904640
2015.7153 0.902587
2015.7180 0.916480
2015.7207 0.905992
2015.7235 0.917069
2015.7262 0.920834
2015.7290 0.922229
2015.7317 0.919289
2015.7344 0.915561
2015.7372 0.920309
2015.7399 0.914664
2015.7426 0.920264
2015.7454 0.927976
2015.7481 0.926294
2015.7509 0.926562
2015.7536 0.928641
2015.7563 0.929392
2015.7591 0.928018
2015.7618 0.926947
2015.7645 0.937728
2015.7673 0.943773
2015.7700 0.931352
2015.7728 0.931932
2015.7755 0.924347
2015.7782 0.925433
2015.7810 0.930082
2015.7837 0.930711
2015.7864 0.944692
2015.7892 0.937467
2015.7919 0.932001
2015.7947 0.936947
2015.7974 0.939206
2015.8001 0.938350
2015.8029 0.919743
2015.8056 0.946874
2015.8084 0.926256
2015.8111 0.953519
2015.8138 0.951293
2015.8166 0.953916
2015.8193 0.940700
2015.8220 0.929291
2015.8248 0.933875
2015.8275 0.939152
2015.8303 0.943888
2015.8330 0.939802
2015.8357 0.949008
2015.8385 0.939371
2015.8412 0.929489
2015.8439 0.940993
2015.8467 0.947991
2015.8494 0.940171
2015.8522 0.939666
2015.8549 0.938060
2015.8576 0.938414
2015.8604 0.946701
2015.8631 0.944333
2015.8658 0.932358
2015.8686 0.926235
2015.8713 0.934715
2015.8741 0.945591
2015.8768 0.945358
2015.8795 0.947697
2015.8823 0.940229
2015.8850 0.938846
2015.8877 0.943334
2015.8905 0.938923
2015.8932 0.942529
2015.8960 0.937062
2015.8987 0.926046
2015.9014 0.943051
2015.9042 0.938717
2015.9069 0.936798
2015.9097 0.935416
2015.9124 0.940889
2015.9151 0.932179
2015.9179 0.932705
2015.9206 0.937398
2015.9233 0.944174
2015.9261 0.944376
2015.9288 0.931827
2015.9316 0.943844
2015.9343 0.932414
2015.9370 0.934375
2015.9398 0.932146
2015.9425 0.936521
2015.9452 0.953728
2015.9480 0.941844
2015.9507 0.947973
2015.9535 0.957119
2015.9562 0.937312
2015.9589 0.931387
2015.9617 0.938867
2015.9644 0.948005
2015.9671 0.928095
2015.9699 0.935317
2015.9726 0.942839
2015.9754 0.939672
2015.9781 0.931959
2015.9808 0.936966
2015.9836 0.943967
2015.9863 0.950145
2015.9890 0.938786
2015.9918 0.938625
2015.9945 0.931644
2015.9973 0.937558
2016.0000 0.933594
2016.0027 0.941374
2016.0055 0.932460
2016.0082 0.934827
2016.0110 0.925002
2016.0137 0.944282
2016.0164 0.938354
2016.0192 0.937422
2016.0219 0.933382
2016.0246 0.938466
2016.0274 0.934966
2016.0301 0.932081
2016.0329 0.926293
2016.0356 0.932254
2016.0383 0.934525
2016.0411 0.937922
2016.0438 0.942366
2016.0465 0.937319
2016.0493 0.914624
2016.0520 0.939517
2016.0548 0.941630
2016.0575 0.944545
2016.1478 0.927272
2016.1506 0.929895
2016.1533 0.931609
2016.1561 0.922855
2016.1588 0.937574
2016.1615 0.926723
2016.1643 0.929220
2016.1670 0.926656
2016.1697 0.916962
2016.1725 0.922327
2016.1752 0.925798
2016.1780 0.918027
2016.1807 0.917669
2016.1834 0.922072
2016.1862 0.919893
2016.1889 0.918013
2016.1916 0.918179
2016.1944 0.929856
2016.1971 0.917683
2016.1999 0.920281
2016.2026 0.915352
2016.2053 0.916645
2016.2081 0.920988
2016.2108 0.923835
2016.2136 0.916902
2016.2163 0.926718
2016.2190 0.914231
2016.2218 0.919876
2016.2245 0.918298
2016.2272 0.918177
2016.2300 0.913200
2016.2327 0.916866
2016.2355 0.896159
2016.2382 0.901393
2016.2409 0.912311
2016.2464 0.931825
2016.2491 0.900769
2016.2519 0.907009
2016.2546 0.901470
2016.2574 0.910388
2016.2601 0.899696
2016.2628 0.906679
2016.2656 0.908094
2016.2683 0.909544
2016.2710 0.908764
2016.2738 0.909734
2016.2765 0.914445
2016.2793 0.919460
2016.2820 0.909319
2016.2847 0.903562
2016.2875 0.909680
2016.2902 0.911789
2016.2930 0.908790
2016.2957 0.910023
2016.2984 0.906732
2016.3012 0.906471
2016.3039 0.903669
2016.3066 0.920839
2016.3094 0.917495
2016.3121 0.911053
2016.3149 0.900827
2016.3176 0.901104
2016.3203 0.905328
2016.3231 0.902759
2016.3258 0.895004
2016.3285 0.894872
2016.3313 0.891116
2016.3340 0.889114
2016.3368 0.897224
2016.3395 0.903484
2016.3422 0.896799
2016.3450 0.902574
2016.3477 0.912672
2016.3504 0.909504
2016.3532 0.905161
2016.3559 0.896318
2016.3587 0.900640
2016.3614 0.893886
2016.3641 0.889593
2016.3669 0.899025
2016.3696 0.887645
2016.3723 0.905135
2016.3751 0.901424
2016.3778 0.896201
2016.3806 0.900370
2016.3833 0.903457
2016.3860 0.898147
2016.3888 0.910329
2016.3915 0.896486
2016.3943 0.891777
2016.3970 0.896925
2016.3997 0.887359
2016.4025 0.882225
2016.4052 0.895000
2016.4079 0.897094
2016.4107 0.905554
2016.4134 0.892600
2016.4162 0.885987
2016.4189 0.887396
2016.4216 0.889340
2016.4244 0.892916
2016.4271 0.889137
2016.4298 0.897178
2016.4326 0.894301
2016.4353 0.882174
2016.4381 0.891107
2016.4408 0.877517
2016.4435 0.894243
2016.4463 0.887119
2016.4490 0.880069
2016.4517 0.881706
2016.4545 0.891619
2016.4572 0.878065
2016.4600 0.890961
2016.4627 0.893569
2016.4654 0.881953
2016.4682 0.894564
2016.4709 0.903135
2016.4736 0.886018
2016.4764 0.882501
2016.4791 0.899657
2016.4819 0.890226
2016.4846 0.895665
2016.4873 0.884631
2016.4901 0.895301
2016.4928 0.888751
2016.4956 0.888360
2016.4983 0.894546
2016.5010 0.892955
2016.5038 0.890354
2016.5065 0.894572
2016.5092 0.891767
2016.5120 0.899448
2016.5147 0.882009
2016.5175 0.901395
2016.5202 0.889186
2016.5229 0.894509
2016.5257 0.894440
2016.5311 0.892020
2016.5339 0.891285
2016.5366 0.900660
2016.5394 0.898266
2016.5421 0.894705
2016.5448 0.895554
2016.5476 0.901027
2016.5503 0.893817
2016.5530 0.882098
2016.5558 0.897771
2016.5585 0.896261
2016.5613 0.890224
2016.5640 0.900225
2016.5667 0.892006
2016.5695 0.904596
2016.5722 0.890477
2016.5749 0.898642
2016.5777 0.888554
2016.5804 0.893392
2016.5832 0.895423
2016.5859 0.899235
2016.5886 0.891123
2016.5914 0.894981
2016.5941 0.916335
2016.5969 0.896781
2016.5996 0.891141
2016.6023 0.898499
2016.6051 0.895987
2016.6078 0.897187
2016.6105 0.902481
2016.6133 0.901550
2016.6160 0.897370
2016.6188 0.908994
2016.6215 0.914080
2016.6242 0.901826
2016.6270 0.903705
2016.6297 0.907266
2016.6324 0.909783
2016.6352 0.907449
2016.6379 0.904853
2016.6407 0.897196
2016.6434 0.908365
2016.6461 0.911728
2016.6489 0.912335
2016.6516 0.924008
2016.6543 0.921260
2016.6571 0.906466
2016.6598 0.902188
2016.6626 0.918308
2016.6653 0.913718
2016.6680 0.894025
2016.6708 0.908091
2016.6735 0.903969
2016.6762 0.913153
2016.6790 0.917700
2016.6817 0.895485
2016.6845 0.918673
2016.6872 0.915714
2016.6927 0.915839
2016.6954 0.915885
2016.6982 0.922792
2016.7009 0.916913
2016.7036 0.915214
2016.7064 0.908675
2016.7091 0.929055
2016.7118 0.937427
2016.7146 0.919331
2016.7173 0.927022
2016.7201 0.904855
2016.7337 0.921035
2016.7365 0.927744
2016.7392 0.930603
2016.7420 0.933025
2016.7447 0.931098
2016.7474 0.935058
2016.7502 0.932341
2016.7529 0.930502
2016.7556 0.937756
2016.7584 0.934716
2016.7611 0.935124
2016.7639 0.929704
2016.7666 0.940315
2016.7693 0.938311
2016.7721 0.934786
2016.7748 0.941236
2016.7775 0.936998
2016.7803 0.951420
2016.7830 0.944477
2016.7858 0.930490
2016.7885 0.939382
2016.7912 0.945324
2016.7940 0.937891
2016.7967 0.938051
2016.7995 0.941242
2016.8022 0.936034
2016.8049 0.937936
2016.8077 0.934529
2016.8104 0.945190
2016.8131 0.931368
2016.8159 0.939590
2016.8186 0.943882
2016.8214 0.941187
2016.8241 0.940581
2016.8268 0.936723
2016.8296 0.922064
2016.8323 0.933716
2016.8350 0.945517
2016.8378 0.938950
2016.8405 0.945806
2016.8433 0.928272
2016.8460 0.927327
2016.8487 0.942874
2016.8515 0.926557
2016.8542 0.913646
2016.8597 0.935338
2016.8624 0.934103
2016.8652 0.935790
2016.8679 0.923051
2016.8706 0.926782
2016.8734 0.939187
2016.8761 0.932445
2016.8789 0.935493
2016.8816 0.933940
2018.1903 0.881597
2018.1930 0.889255
2018.2177 0.892007
2018.2204 0.882291
2018.2231 0.883858
2018.2259 0.881599
2018.2313 0.894076
2018.2341 0.872996
2018.2368 0.882967
2018.2396 0.888090
2018.2423 0.890728
2018.2478 0.889002
2018.2505 0.881866
2018.2533 0.880128
2018.2560 0.896367
2018.2587 0.877847
2018.2615 0.884570
2018.2642 0.888973
2018.2669 0.873037
2018.2697 0.884228
2018.2724 0.890631
2018.2752 0.883199
2018.2779 0.887827
2018.2806 0.883883
2018.2834 0.876060
2018.2861 0.889675
2018.2888 0.871073
2018.2916 0.870952
2018.2971 0.891338
2018.2998 0.885599
2018.3025 0.868224
2018.3053 0.874645
2018.3080 0.878321
2018.3107 0.867861
2018.3162 0.878573
2018.3190 0.888889
2018.3217 0.879803
2018.3244 0.877910
2018.3272 0.867525
2018.3299 0.872394
2018.3326 0.880701
2018.3354 0.876140
2018.3381 0.876568
2018.3409 0.868722
2018.3436 0.871443
2018.3463 0.869418
2018.3491 0.872673
2018.3518 0.863875
2018.3546 0.865931
2018.3573 0.873959
2018.3600 0.856050
2018.3628 0.872444
2018.3655 0.869503
2018.3682 0.864814
2018.3710 0.861372
2018.3737 0.858498
2018.3765 0.872951
2018.3792 0.860592
2018.3819 0.871030
2018.3847 0.869242
2018.3874 0.855164
2018.3901 0.859186
2018.3929 0.857461
2018.3956 0.869183
2018.3984 0.864491
2018.4011 0.856279
2018.4230 0.860924
2018.4257 0.881039
2018.4285 0.862002
2018.4312 0.861076
2018.4339 0.854281
2018.4367 0.855476
2018.4394 0.866992
2018.4422 0.859458
2018.4449 0.856849
2018.4476 0.855516
2018.4504 0.858321
2018.4531 0.859514
2018.4559 0.859120
2018.4586 0.851119
2018.4613 0.855779
2018.4641 0.856960
2018.4668 0.854833
2018.4695 0.863325
2018.4723 0.857363
2018.4750 0.876332
2018.4778 0.865001
2018.4805 0.855769
2018.4832 0.865103
2018.4860 0.855222
2018.4887 0.857244
2018.4914 0.858763
2018.4942 0.860492
2018.4969 0.862929
2018.4997 0.861115
2018.5024 0.866814
2018.5051 0.858386
2018.5079 0.861483
2018.5106 0.866419
2018.5133 0.862161
2018.5161 0.867189
2018.5188 0.860919
2018.5216 0.864665
2018.5243 0.855705
2018.5270 0.857366
2018.5298 0.859033
2018.5325 0.862540
2018.5352 0.862471
2018.5380 0.862206
2018.5407 0.861664
2018.5435 0.862362
2018.5462 0.872414
2018.5489 0.862916
2018.5517 0.863259
2018.5544 0.860469
2018.5572 0.862720
2018.5599 0.871536
2018.5626 0.860753
2018.5654 0.846204
2018.5681 0.865645
2018.5708 0.865899
2018.5736 0.865573
2018.5763 0.870851
2018.5791 0.864013
2018.5818 0.873612
2018.5845 0.887277
2018.5873 0.859756
2018.5927 0.866123
2018.5955 0.866082
2018.5982 0.872095
2018.6010 0.868711
2018.6064 0.881742
2018.6092 0.879519
2018.6119 0.879914
2018.6146 0.871241
2018.6174 0.880050
2018.6201 0.878143
2018.6229 0.878178
2018.6256 0.880584
2018.6283 0.869680
2018.6311 0.885078
2018.6338 0.882915
2018.6366 0.879640
2018.6393 0.861851
2018.6420 0.873776
2018.6448 0.875477
2018.6475 0.884929
2018.6502 0.877939
2018.6530 0.870991
2018.6557 0.880267
2018.6585 0.889173
2018.6612 0.897369
2018.6639 0.888827
2018.6667 0.882728
2018.6694 0.887882
2018.6721 0.881245
2018.6749 0.891183
2018.6776 0.891862
2018.6804 0.889481
2018.6831 0.890204
2018.6858 0.892563
2018.6886 0.894586
2018.6913 0.896760
2018.6940 0.904639
2018.6968 0.897721
2018.6995 0.908380
2018.7023 0.900044
2018.7050 0.896779
2018.7077 0.900007
2018.7105 0.898955
2018.7132 0.899714
2018.7159 0.887998
2018.7187 0.888673
2018.7214 0.900109
2018.7242 0.900051
2018.7269 0.906554
2018.7296 0.906743
2018.7324 0.907040
2018.7351 0.909772
2018.7379 0.921150
2018.7406 0.913275
2018.7433 0.917429
2018.7461 0.910513
2018.7488 0.907745
2018.7515 0.904496
2018.7543 0.929312
2018.7570 0.929225
2018.7598 0.920129
2018.7625 0.910353
2018.7652 0.902148
2018.7680 0.902937
2018.7707 0.920671
2018.7734 0.926008
2018.7762 0.921740
2018.7789 0.910039
2018.7817 0.916521
2018.7844 0.916338
2018.7871 0.939473
2018.7899 0.923343
2018.7926 0.910119
2018.7953 0.909295
2018.7981 0.913673
2018.8008 0.914801
2018.8036 0.922033
2018.8063 0.920215
2018.8090 0.925518
2018.8118 0.920907
2018.8145 0.922824
2018.8172 0.922985
2018.8200 0.917675
2018.8227 0.907987
2018.8255 0.913370
2018.8282 0.921063
2018.8309 0.908087
2018.8337 0.925412
2018.8364 0.918638
2018.8392 0.917991
2018.8419 0.919941
2018.8446 0.918290
2018.8474 0.917848
2018.8501 0.914823
2018.8528 0.925698
2018.8556 0.930952
2018.8583 0.916747
2018.8611 0.923659
2018.8638 0.927276
2018.8665 0.923480
2018.8693 0.926623
2018.8720 0.931312
2018.8747 0.904692
2018.8775 0.920162
2018.8802 0.921665
2018.8830 0.919047
2018.8857 0.926180
2018.8884 0.906197
2018.8912 0.912389
2018.8939 0.914817
2018.9021 0.911176
2018.9049 0.913127
2018.9076 0.905780
2018.9103 0.916848
2018.9131 0.913222
2018.9158 0.914982
2018.9185 0.913192
2018.9213 0.913449
2018.9240 0.908049
2018.9268 0.914776
2018.9295 0.908147
2018.9322 0.903548
2018.9350 0.905590
2018.9377 0.912064
2018.9405 0.913520
2018.9432 0.906460
2018.9459 0.897875
2018.9487 0.901514
2018.9514 0.894699
2018.9541 0.903566
2018.9569 0.901537
2018.9596 0.908617
2018.9624 0.912502
2018.9651 0.898529
2018.9678 0.901284
2018.9706 0.895515
2018.9733 0.896632
2018.9760 0.896575
2018.9788 0.895701
2018.9815 0.904775
2018.9843 0.887434
2018.9870 0.901384
2018.9897 0.895629
2018.9925 0.892027
2018.9952 0.896956
2018.9979 0.893329
2019.0007 0.896105
2019.0034 0.898335
2019.0062 0.888960
2019.0089 0.885067
2019.0116 0.902404
2019.0144 0.884148
2019.0171 0.886645
2019.0198 0.892138
2019.0226 0.886806
2019.0253 0.890243
2019.0281 0.884005
2019.0308 0.888699
2019.0335 0.896968
2019.0363 0.889810
2019.0390 0.885344
2019.0418 0.888817
2019.0445 0.898159
2019.0472 0.890031
2019.0500 0.886888
2019.0527 0.898452
2019.0554 0.895504
2019.0582 0.892431
2019.0609 0.890233
2019.0637 0.885640
2019.0664 0.883061
2019.0691 0.888651
2019.0719 0.884049
2019.0746 0.889313
2019.0773 0.888910
2019.0801 0.880342
2019.0828 0.885319
2019.0856 0.878915
2019.0883 0.876403
2019.0910 0.882649
2019.0938 0.886644
2019.0965 0.889615
2019.0992 0.880278
2019.1020 0.884299
2019.1047 0.876288
2019.1075 0.875536
2019.1102 0.886334
2019.1129 0.878776
2019.1157 0.885455
2019.1184 0.875017
2019.1211 0.876376
2019.1239 0.881245
2019.1266 0.874191
2019.1294 0.877293
2019.1321 0.880084
2019.1348 0.885437
2019.1376 0.890556
2019.1403 0.876803
2019.1431 0.888080
2019.1458 0.875718
2019.1485 0.877940
2019.1513 0.878999
2019.1540 0.875549
2019.1567 0.872552
2019.1595 0.880505
2019.1622 0.877954
2019.1650 0.882473
2019.1677 0.871907
2019.1704 0.878453
2019.1732 0.881989
2019.1759 0.893015
2019.1786 0.876011
2019.1814 0.881975
2019.1841 0.871827
2019.1869 0.870472
2019.1896 0.874871
2019.1923 0.874478
2019.1951 0.894672
2019.1978 0.880114
2019.2005 0.875499
2019.2033 0.873589
2019.2060 0.877063
2019.2088 0.880312
2019.2115 0.888423
2019.2142 0.879343
2019.2170 0.878355
2019.2197 0.890143
2019.2225 0.883136
2019.2252 0.878604
2019.2279 0.874940
2019.2307 0.887825
2019.2334 0.873357
2019.2361 0.873166
2019.2389 0.862857
2019.2416 0.870558
2019.2444 0.881081
2019.2471 0.874097
2019.2498 0.863926
2019.2526 0.869018
2019.2553 0.877435
2019.2580 0.877387
2019.2608 0.870647
2019.2635 0.859828
2019.2663 0.864050
2019.2690 0.866974
2019.2717 0.879514
2019.2745 0.884483
2019.2772 0.873286
2019.2799 0.870732
2019.2827 0.864306
2019.2854 0.865403
2019.2882 0.870293
2019.2909 0.868773
2019.2936 0.865246
2019.2964 0.869881
2019.2991 0.866035
2019.3018 0.867371
2019.3046 0.878265
2019.3073 0.867263
2019.3128 0.865752
2019.3155 0.865473
2019.3183 0.856123
2019.3210 0.850882
2019.3238 0.872224
2019.3265 0.863620
2019.3292 0.864185
2019.3320 0.865015
2019.3347 0.857339
2019.3374 0.866598
2019.3402 0.857478
2019.3429 0.860823
2019.3457 0.864648
2019.3484 0.863667
2019.3511 0.867632
2019.3539 0.869294
2019.3566 0.859824
2019.3593 0.859600
2019.3621 0.858173
2019.3648 0.860994
2019.3676 0.862581
2019.3703 0.845953
2019.3730 0.856072
2019.3758 0.863244
2019.3785 0.851933
2019.3812 0.861072
2019.3840 0.853641
2019.3867 0.840665
2019.3895 0.850380
2019.3922 0.837901
2019.3949 0.849180
2019.3977 0.854805
2019.4004 0.852309
2019.4031 0.858879
2019.4059 0.860490
2019.4086 0.864697